Datetime,Price (SGD/MWh)
2024-01-01 00:00:00,107.78
2024-01-01 01:00:00,107.89
2024-01-01 02:00:00,107.96
2024-01-01 03:00:00,107.86
2024-01-01 04:00:00,97.78
2024-01-01 05:00:00,97.08
2024-01-01 06:00:00,97.81
2024-01-01 07:00:00,98.34
2024-01-01 08:00:00,99.04
2024-01-01 09:00:00,90.51
2024-01-01 10:00:00,99.11
2024-01-01 11:00:00,100.48
2024-01-01 12:00:00,100.48
2024-01-01 13:00:00,101.8
2024-01-01 14:00:00,103.19
2024-01-01 15:00:00,104.67
2024-01-01 16:00:00,103.94
2024-01-01 17:00:00,108.01
2024-01-01 18:00:00,108.33
2024-01-01 19:00:00,111.85
2024-01-01 20:00:00,112.12
2024-01-01 21:00:00,108.34
2024-01-01 22:00:00,108.3
2024-01-01 23:00:00,102.59
2024-01-02 00:00:00,126.59
2024-01-02 01:00:00,108.34
2024-01-02 02:00:00,106.64
2024-01-02 03:00:00,101.69
2024-01-02 04:00:00,91.95
2024-01-02 05:00:00,97.5
2024-01-02 06:00:00,106.89
2024-01-02 07:00:00,119.15
2024-01-02 08:00:00,113.82
2024-01-02 09:00:00,120.68
2024-01-02 10:00:00,121.72
2024-01-02 11:00:00,117.41
2024-01-02 12:00:00,117.42
2024-01-02 13:00:00,112.31
2024-01-02 14:00:00,121.36
2024-01-02 15:00:00,137.14
2024-01-02 16:00:00,167.16
2024-01-02 17:00:00,297.1
2024-01-02 18:00:00,152.04
2024-01-02 19:00:00,235.51
2024-01-02 20:00:00,131.88
2024-01-02 21:00:00,136.92
2024-01-02 22:00:00,121.56
2024-01-02 23:00:00,114.25
2024-01-03 00:00:00,119.68
2024-01-03 01:00:00,123.74
2024-01-03 02:00:00,121.64
2024-01-03 03:00:00,121.58
2024-01-03 04:00:00,117.4
2024-01-03 05:00:00,122.64
2024-01-03 06:00:00,124.49
2024-01-03 07:00:00,136.93
2024-01-03 08:00:00,137.05
2024-01-03 09:00:00,137.07
2024-01-03 10:00:00,137.13
2024-01-03 11:00:00,137.0
2024-01-03 12:00:00,134.27
2024-01-03 13:00:00,137.14
2024-01-03 14:00:00,137.21
2024-01-03 15:00:00,136.92
2024-01-03 16:00:00,137.1
2024-01-03 17:00:00,235.95
2024-01-03 18:00:00,168.49
2024-01-03 19:00:00,141.95
2024-01-03 20:00:00,137.16
2024-01-03 21:00:00,137.1
2024-01-03 22:00:00,134.68
2024-01-03 23:00:00,121.8
2024-01-04 00:00:00,120.24
2024-01-04 01:00:00,109.21
2024-01-04 02:00:00,88.29
2024-01-04 03:00:00,78.06
2024-01-04 04:00:00,90.9
2024-01-04 05:00:00,110.34
2024-01-04 06:00:00,127.44
2024-01-04 07:00:00,136.69
2024-01-04 08:00:00,137.04
2024-01-04 09:00:00,147.85
2024-01-04 10:00:00,147.95
2024-01-04 11:00:00,147.98
2024-01-04 12:00:00,147.65
2024-01-04 13:00:00,130.43
2024-01-04 14:00:00,147.85
2024-01-04 15:00:00,147.82
2024-01-04 16:00:00,147.85
2024-01-04 17:00:00,148.01
2024-01-04 18:00:00,147.91
2024-01-04 19:00:00,147.85
2024-01-04 20:00:00,147.7
2024-01-04 21:00:00,127.57
2024-01-04 22:00:00,110.32
2024-01-04 23:00:00,94.92
2024-01-05 00:00:00,86.08
2024-01-05 01:00:00,78.21
2024-01-05 02:00:00,76.0
2024-01-05 03:00:00,71.29
2024-01-05 04:00:00,76.79
2024-01-05 05:00:00,84.79
2024-01-05 06:00:00,89.33
2024-01-05 07:00:00,108.7
2024-01-05 08:00:00,131.73
2024-01-05 09:00:00,127.59
2024-01-05 10:00:00,125.23
2024-01-05 11:00:00,138.64
2024-01-05 12:00:00,96.48
2024-01-05 13:00:00,111.86
2024-01-05 14:00:00,131.84
2024-01-05 15:00:00,139.09
2024-01-05 16:00:00,147.76
2024-01-05 17:00:00,139.19
2024-01-05 18:00:00,147.81
2024-01-05 19:00:00,147.9
2024-01-05 20:00:00,147.98
2024-01-05 21:00:00,133.15
2024-01-05 22:00:00,118.05
2024-01-05 23:00:00,89.31
2024-01-06 00:00:00,94.97
2024-01-06 01:00:00,80.0
2024-01-06 02:00:00,76.13
2024-01-06 03:00:00,76.14
2024-01-06 04:00:00,76.25
2024-01-06 05:00:00,78.0
2024-01-06 06:00:00,81.15
2024-01-06 07:00:00,90.76
2024-01-06 08:00:00,104.69
2024-01-06 09:00:00,96.41
2024-01-06 10:00:00,94.66
2024-01-06 11:00:00,94.92
2024-01-06 12:00:00,96.06
2024-01-06 13:00:00,94.63
2024-01-06 14:00:00,90.89
2024-01-06 15:00:00,95.3
2024-01-06 16:00:00,96.45
2024-01-06 17:00:00,95.74
2024-01-06 18:00:00,109.52
2024-01-06 19:00:00,120.06
2024-01-06 20:00:00,120.06
2024-01-06 21:00:00,111.48
2024-01-06 22:00:00,109.52
2024-01-06 23:00:00,103.99
2024-01-07 00:00:00,109.28
2024-01-07 01:00:00,113.19
2024-01-07 02:00:00,80.89
2024-01-07 03:00:00,76.11
2024-01-07 04:00:00,71.49
2024-01-07 05:00:00,75.99
2024-01-07 06:00:00,80.08
2024-01-07 07:00:00,80.4
2024-01-07 08:00:00,85.32
2024-01-07 09:00:00,97.84
2024-01-07 10:00:00,105.25
2024-01-07 11:00:00,104.54
2024-01-07 12:00:00,90.74
2024-01-07 13:00:00,105.4
2024-01-07 14:00:00,96.28
2024-01-07 15:00:00,96.44
2024-01-07 16:00:00,104.52
2024-01-07 17:00:00,96.14
2024-01-07 18:00:00,109.32
2024-01-07 19:00:00,113.23
2024-01-07 20:00:00,111.37
2024-01-07 21:00:00,98.61
2024-01-07 22:00:00,93.1
2024-01-07 23:00:00,96.11
2024-01-08 00:00:00,93.36
2024-01-08 01:00:00,72.48
2024-01-08 02:00:00,66.11
2024-01-08 03:00:00,51.52
2024-01-08 04:00:00,-20.17
2024-01-08 05:00:00,61.26
2024-01-08 06:00:00,94.69
2024-01-08 07:00:00,104.15
2024-01-08 08:00:00,120.03
2024-01-08 09:00:00,105.35
2024-01-08 10:00:00,120.11
2024-01-08 11:00:00,104.74
2024-01-08 12:00:00,95.59
2024-01-08 13:00:00,96.43
2024-01-08 14:00:00,120.09
2024-01-08 15:00:00,147.71
2024-01-08 16:00:00,149.44
2024-01-08 17:00:00,149.06
2024-01-08 18:00:00,147.67
2024-01-08 19:00:00,147.77
2024-01-08 20:00:00,147.9
2024-01-08 21:00:00,146.68
2024-01-08 22:00:00,121.26
2024-01-08 23:00:00,120.08
2024-01-09 00:00:00,84.5
2024-01-09 01:00:00,72.64
2024-01-09 02:00:00,57.49
2024-01-09 03:00:00,51.5
2024-01-09 04:00:00,51.5
2024-01-09 05:00:00,82.2
2024-01-09 06:00:00,103.28
2024-01-09 07:00:00,121.1
2024-01-09 08:00:00,123.49
2024-01-09 09:00:00,124.39
2024-01-09 10:00:00,129.64
2024-01-09 11:00:00,120.09
2024-01-09 12:00:00,102.84
2024-01-09 13:00:00,111.89
2024-01-09 14:00:00,101.83
2024-01-09 15:00:00,116.97
2024-01-09 16:00:00,120.11
2024-01-09 17:00:00,121.86
2024-01-09 18:00:00,127.04
2024-01-09 19:00:00,137.98
2024-01-09 20:00:00,147.26
2024-01-09 21:00:00,124.73
2024-01-09 22:00:00,121.84
2024-01-09 23:00:00,112.96
2024-01-10 00:00:00,96.74
2024-01-10 01:00:00,80.15
2024-01-10 02:00:00,49.75
2024-01-10 03:00:00,49.69
2024-01-10 04:00:00,49.69
2024-01-10 05:00:00,69.93
2024-01-10 06:00:00,105.55
2024-01-10 07:00:00,114.41
2024-01-10 08:00:00,120.12
2024-01-10 09:00:00,121.83
2024-01-10 10:00:00,120.09
2024-01-10 11:00:00,103.86
2024-01-10 12:00:00,101.84
2024-01-10 13:00:00,119.99
2024-01-10 14:00:00,113.95
2024-01-10 15:00:00,111.93
2024-01-10 16:00:00,136.9
2024-01-10 17:00:00,136.91
2024-01-10 18:00:00,121.31
2024-01-10 19:00:00,136.31
2024-01-10 20:00:00,121.27
2024-01-10 21:00:00,111.79
2024-01-10 22:00:00,110.32
2024-01-10 23:00:00,105.71
2024-01-11 00:00:00,84.07
2024-01-11 01:00:00,49.76
2024-01-11 02:00:00,49.58
2024-01-11 03:00:00,47.54
2024-01-11 04:00:00,47.48
2024-01-11 05:00:00,49.75
2024-01-11 06:00:00,84.2
2024-01-11 07:00:00,123.18
2024-01-11 08:00:00,120.09
2024-01-11 09:00:00,120.09
2024-01-11 10:00:00,113.42
2024-01-11 11:00:00,113.19
2024-01-11 12:00:00,108.05
2024-01-11 13:00:00,120.12
2024-01-11 14:00:00,123.62
2024-01-11 15:00:00,121.88
2024-01-11 16:00:00,132.78
2024-01-11 17:00:00,133.34
2024-01-11 18:00:00,121.88
2024-01-11 19:00:00,148.52
2024-01-11 20:00:00,135.52
2024-01-11 21:00:00,120.13
2024-01-11 22:00:00,120.14
2024-01-11 23:00:00,111.55
2024-01-12 00:00:00,98.05
2024-01-12 01:00:00,89.27
2024-01-12 02:00:00,49.81
2024-01-12 03:00:00,49.64
2024-01-12 04:00:00,49.64
2024-01-12 05:00:00,84.05
2024-01-12 06:00:00,101.13
2024-01-12 07:00:00,121.13
2024-01-12 08:00:00,121.83
2024-01-12 09:00:00,121.1
2024-01-12 10:00:00,120.09
2024-01-12 11:00:00,113.17
2024-01-12 12:00:00,111.33
2024-01-12 13:00:00,120.14
2024-01-12 14:00:00,128.71
2024-01-12 15:00:00,126.91
2024-01-12 16:00:00,121.16
2024-01-12 17:00:00,121.29
2024-01-12 18:00:00,120.08
2024-01-12 19:00:00,121.09
2024-01-12 20:00:00,120.04
2024-01-12 21:00:00,102.02
2024-01-12 22:00:00,100.18
2024-01-12 23:00:00,84.93
2024-01-13 00:00:00,65.82
2024-01-13 01:00:00,61.72
2024-01-13 02:00:00,61.01
2024-01-13 03:00:00,60.01
2024-01-13 04:00:00,59.8
2024-01-13 05:00:00,60.66
2024-01-13 06:00:00,61.59
2024-01-13 07:00:00,65.81
2024-01-13 08:00:00,93.9
2024-01-13 09:00:00,90.38
2024-01-13 10:00:00,90.8
2024-01-13 11:00:00,90.38
2024-01-13 12:00:00,89.38
2024-01-13 13:00:00,90.16
2024-01-13 14:00:00,90.78
2024-01-13 15:00:00,91.77
2024-01-13 16:00:00,105.43
2024-01-13 17:00:00,121.03
2024-01-13 18:00:00,106.76
2024-01-13 19:00:00,113.23
2024-01-13 20:00:00,113.23
2024-01-13 21:00:00,106.77
2024-01-13 22:00:00,106.77
2024-01-13 23:00:00,96.4
2024-01-14 00:00:00,78.05
2024-01-14 01:00:00,96.08
2024-01-14 02:00:00,83.52
2024-01-14 03:00:00,73.44
2024-01-14 04:00:00,73.44
2024-01-14 05:00:00,79.19
2024-01-14 06:00:00,82.82
2024-01-14 07:00:00,91.89
2024-01-14 08:00:00,113.15
2024-01-14 09:00:00,116.94
2024-01-14 10:00:00,104.49
2024-01-14 11:00:00,86.4
2024-01-14 12:00:00,84.55
2024-01-14 13:00:00,84.55
2024-01-14 14:00:00,86.38
2024-01-14 15:00:00,84.0
2024-01-14 16:00:00,84.02
2024-01-14 17:00:00,84.52
2024-01-14 18:00:00,87.09
2024-01-14 19:00:00,101.07
2024-01-14 20:00:00,106.59
2024-01-14 21:00:00,106.62
2024-01-14 22:00:00,105.71
2024-01-14 23:00:00,90.89
2024-01-15 00:00:00,119.99
2024-01-15 01:00:00,83.88
2024-01-15 02:00:00,83.96
2024-01-15 03:00:00,78.26
2024-01-15 04:00:00,61.18
2024-01-15 05:00:00,84.12
2024-01-15 06:00:00,90.7
2024-01-15 07:00:00,119.71
2024-01-15 08:00:00,121.07
2024-01-15 09:00:00,121.06
2024-01-15 10:00:00,120.06
2024-01-15 11:00:00,121.87
2024-01-15 12:00:00,115.46
2024-01-15 13:00:00,105.68
2024-01-15 14:00:00,120.09
2024-01-15 15:00:00,121.83
2024-01-15 16:00:00,126.77
2024-01-15 17:00:00,164.0
2024-01-15 18:00:00,139.69
2024-01-15 19:00:00,127.13
2024-01-15 20:00:00,126.67
2024-01-15 21:00:00,115.78
2024-01-15 22:00:00,120.1
2024-01-15 23:00:00,109.84
2024-01-16 00:00:00,100.77
2024-01-16 01:00:00,84.1
2024-01-16 02:00:00,78.01
2024-01-16 03:00:00,55.72
2024-01-16 04:00:00,52.77
2024-01-16 05:00:00,96.37
2024-01-16 06:00:00,116.84
2024-01-16 07:00:00,148.02
2024-01-16 08:00:00,165.45
2024-01-16 09:00:00,155.54
2024-01-16 10:00:00,183.62
2024-01-16 11:00:00,121.3
2024-01-16 12:00:00,101.96
2024-01-16 13:00:00,113.41
2024-01-16 14:00:00,102.27
2024-01-16 15:00:00,120.09
2024-01-16 16:00:00,120.09
2024-01-16 17:00:00,121.32
2024-01-16 18:00:00,131.77
2024-01-16 19:00:00,149.33
2024-01-16 20:00:00,148.7
2024-01-16 21:00:00,121.13
2024-01-16 22:00:00,120.07
2024-01-16 23:00:00,120.05
2024-01-17 00:00:00,114.34
2024-01-17 01:00:00,96.44
2024-01-17 02:00:00,83.68
2024-01-17 03:00:00,55.72
2024-01-17 04:00:00,55.7
2024-01-17 05:00:00,83.9
2024-01-17 06:00:00,89.2
2024-01-17 07:00:00,143.92
2024-01-17 08:00:00,146.29
2024-01-17 09:00:00,134.7
2024-01-17 10:00:00,123.22
2024-01-17 11:00:00,135.72
2024-01-17 12:00:00,135.71
2024-01-17 13:00:00,149.42
2024-01-17 14:00:00,120.13
2024-01-17 15:00:00,120.13
2024-01-17 16:00:00,120.17
2024-01-17 17:00:00,123.86
2024-01-17 18:00:00,120.1
2024-01-17 19:00:00,126.74
2024-01-17 20:00:00,126.7
2024-01-17 21:00:00,121.88
2024-01-17 22:00:00,124.56
2024-01-17 23:00:00,121.09
2024-01-18 00:00:00,107.06
2024-01-18 01:00:00,113.08
2024-01-18 02:00:00,78.06
2024-01-18 03:00:00,52.77
2024-01-18 04:00:00,50.53
2024-01-18 05:00:00,87.35
2024-01-18 06:00:00,113.06
2024-01-18 07:00:00,121.79
2024-01-18 08:00:00,121.07
2024-01-18 09:00:00,118.63
2024-01-18 10:00:00,122.02
2024-01-18 11:00:00,121.72
2024-01-18 12:00:00,118.85
2024-01-18 13:00:00,117.05
2024-01-18 14:00:00,121.75
2024-01-18 15:00:00,149.73
2024-01-18 16:00:00,128.69
2024-01-18 17:00:00,122.04
2024-01-18 18:00:00,121.28
2024-01-18 19:00:00,126.67
2024-01-18 20:00:00,144.4
2024-01-18 21:00:00,121.1
2024-01-18 22:00:00,121.11
2024-01-18 23:00:00,113.21
2024-01-19 00:00:00,120.0
2024-01-19 01:00:00,96.24
2024-01-19 02:00:00,75.62
2024-01-19 03:00:00,55.67
2024-01-19 04:00:00,52.71
2024-01-19 05:00:00,87.63
2024-01-19 06:00:00,119.95
2024-01-19 07:00:00,121.76
2024-01-19 08:00:00,121.04
2024-01-19 09:00:00,121.07
2024-01-19 10:00:00,135.8
2024-01-19 11:00:00,121.16
2024-01-19 12:00:00,106.82
2024-01-19 13:00:00,117.05
2024-01-19 14:00:00,121.15
2024-01-19 15:00:00,121.28
2024-01-19 16:00:00,144.6
2024-01-19 17:00:00,130.92
2024-01-19 18:00:00,121.88
2024-01-19 19:00:00,121.28
2024-01-19 20:00:00,121.16
2024-01-19 21:00:00,106.93
2024-01-19 22:00:00,107.07
2024-01-19 23:00:00,104.03
2024-01-20 00:00:00,83.89
2024-01-20 01:00:00,63.79
2024-01-20 02:00:00,49.69
2024-01-20 03:00:00,49.58
2024-01-20 04:00:00,49.52
2024-01-20 05:00:00,51.67
2024-01-20 06:00:00,71.32
2024-01-20 07:00:00,77.56
2024-01-20 08:00:00,100.5
2024-01-20 09:00:00,87.76
2024-01-20 10:00:00,101.26
2024-01-20 11:00:00,90.11
2024-01-20 12:00:00,92.88
2024-01-20 13:00:00,91.14
2024-01-20 14:00:00,101.26
2024-01-20 15:00:00,99.51
2024-01-20 16:00:00,98.33
2024-01-20 17:00:00,98.46
2024-01-20 18:00:00,92.95
2024-01-20 19:00:00,100.35
2024-01-20 20:00:00,101.8
2024-01-20 21:00:00,92.96
2024-01-20 22:00:00,94.79
2024-01-20 23:00:00,78.47
2024-01-21 00:00:00,56.88
2024-01-21 01:00:00,49.58
2024-01-21 02:00:00,37.02
2024-01-21 03:00:00,32.0
2024-01-21 04:00:00,25.66
2024-01-21 05:00:00,29.08
2024-01-21 06:00:00,36.45
2024-01-21 07:00:00,55.83
2024-01-21 08:00:00,83.87
2024-01-21 09:00:00,78.12
2024-01-21 10:00:00,77.38
2024-01-21 11:00:00,75.04
2024-01-21 12:00:00,54.07
2024-01-21 13:00:00,56.13
2024-01-21 14:00:00,50.77
2024-01-21 15:00:00,50.77
2024-01-21 16:00:00,76.04
2024-01-21 17:00:00,88.27
2024-01-21 18:00:00,98.61
2024-01-21 19:00:00,120.12
2024-01-21 20:00:00,121.24
2024-01-21 21:00:00,120.12
2024-01-21 22:00:00,108.74
2024-01-21 23:00:00,87.19
2024-01-22 00:00:00,84.18
2024-01-22 01:00:00,76.49
2024-01-22 02:00:00,49.52
2024-01-22 03:00:00,41.49
2024-01-22 04:00:00,41.14
2024-01-22 05:00:00,51.02
2024-01-22 06:00:00,84.0
2024-01-22 07:00:00,116.82
2024-01-22 08:00:00,121.11
2024-01-22 09:00:00,121.26
2024-01-22 10:00:00,121.17
2024-01-22 11:00:00,116.76
2024-01-22 12:00:00,107.78
2024-01-22 13:00:00,117.8
2024-01-22 14:00:00,121.26
2024-01-22 15:00:00,121.82
2024-01-22 16:00:00,121.31
2024-01-22 17:00:00,122.83
2024-01-22 18:00:00,121.29
2024-01-22 19:00:00,134.85
2024-01-22 20:00:00,134.22
2024-01-22 21:00:00,133.75
2024-01-22 22:00:00,127.57
2024-01-22 23:00:00,120.07
2024-01-23 00:00:00,112.18
2024-01-23 01:00:00,92.64
2024-01-23 02:00:00,83.9
2024-01-23 03:00:00,56.66
2024-01-23 04:00:00,49.63
2024-01-23 05:00:00,84.13
2024-01-23 06:00:00,106.74
2024-01-23 07:00:00,125.97
2024-01-23 08:00:00,127.9
2024-01-23 09:00:00,121.07
2024-01-23 10:00:00,121.86
2024-01-23 11:00:00,120.14
2024-01-23 12:00:00,107.67
2024-01-23 13:00:00,117.02
2024-01-23 14:00:00,121.78
2024-01-23 15:00:00,153.11
2024-01-23 16:00:00,203.78
2024-01-23 17:00:00,223.92
2024-01-23 18:00:00,163.43
2024-01-23 19:00:00,134.97
2024-01-23 20:00:00,133.99
2024-01-23 21:00:00,133.3
2024-01-23 22:00:00,121.19
2024-01-23 23:00:00,112.52
2024-01-24 00:00:00,100.12
2024-01-24 01:00:00,85.66
2024-01-24 02:00:00,76.45
2024-01-24 03:00:00,49.68
2024-01-24 04:00:00,49.63
2024-01-24 05:00:00,84.12
2024-01-24 06:00:00,105.29
2024-01-24 07:00:00,121.08
2024-01-24 08:00:00,121.87
2024-01-24 09:00:00,121.21
2024-01-24 10:00:00,121.85
2024-01-24 11:00:00,120.65
2024-01-24 12:00:00,120.64
2024-01-24 13:00:00,121.81
2024-01-24 14:00:00,135.73
2024-01-24 15:00:00,136.34
2024-01-24 16:00:00,140.24
2024-01-24 17:00:00,144.93
2024-01-24 18:00:00,153.11
2024-01-24 19:00:00,135.18
2024-01-24 20:00:00,134.08
2024-01-24 21:00:00,116.8
2024-01-24 22:00:00,132.51
2024-01-24 23:00:00,107.69
2024-01-25 00:00:00,83.83
2024-01-25 01:00:00,67.8
2024-01-25 02:00:00,65.69
2024-01-25 03:00:00,65.02
2024-01-25 04:00:00,64.17
2024-01-25 05:00:00,76.29
2024-01-25 06:00:00,102.44
2024-01-25 07:00:00,119.98
2024-01-25 08:00:00,121.08
2024-01-25 09:00:00,120.03
2024-01-25 10:00:00,120.08
2024-01-25 11:00:00,120.08
2024-01-25 12:00:00,118.78
2024-01-25 13:00:00,133.89
2024-01-25 14:00:00,150.21
2024-01-25 15:00:00,160.96
2024-01-25 16:00:00,150.15
2024-01-25 17:00:00,144.29
2024-01-25 18:00:00,144.4
2024-01-25 19:00:00,146.42
2024-01-25 20:00:00,141.28
2024-01-25 21:00:00,121.84
2024-01-25 22:00:00,116.77
2024-01-25 23:00:00,106.68
2024-01-26 00:00:00,84.02
2024-01-26 01:00:00,76.46
2024-01-26 02:00:00,49.63
2024-01-26 03:00:00,49.52
2024-01-26 04:00:00,49.58
2024-01-26 05:00:00,77.47
2024-01-26 06:00:00,88.12
2024-01-26 07:00:00,121.06
2024-01-26 08:00:00,121.87
2024-01-26 09:00:00,121.14
2024-01-26 10:00:00,121.87
2024-01-26 11:00:00,122.82
2024-01-26 12:00:00,121.16
2024-01-26 13:00:00,120.13
2024-01-26 14:00:00,120.1
2024-01-26 15:00:00,136.91
2024-01-26 16:00:00,133.89
2024-01-26 17:00:00,121.88
2024-01-26 18:00:00,122.82
2024-01-26 19:00:00,145.71
2024-01-26 20:00:00,145.5
2024-01-26 21:00:00,121.87
2024-01-26 22:00:00,120.52
2024-01-26 23:00:00,103.67
2024-01-27 00:00:00,83.9
2024-01-27 01:00:00,82.01
2024-01-27 02:00:00,79.82
2024-01-27 03:00:00,57.29
2024-01-27 04:00:00,57.29
2024-01-27 05:00:00,57.3
2024-01-27 06:00:00,79.83
2024-01-27 07:00:00,88.2
2024-01-27 08:00:00,116.76
2024-01-27 09:00:00,106.95
2024-01-27 10:00:00,98.94
2024-01-27 11:00:00,108.99
2024-01-27 12:00:00,95.93
2024-01-27 13:00:00,91.84
2024-01-27 14:00:00,91.84
2024-01-27 15:00:00,89.84
2024-01-27 16:00:00,91.61
2024-01-27 17:00:00,105.32
2024-01-27 18:00:00,107.74
2024-01-27 19:00:00,109.0
2024-01-27 20:00:00,166.92
2024-01-27 21:00:00,200.87
2024-01-27 22:00:00,145.53
2024-01-27 23:00:00,119.47
2024-01-28 00:00:00,106.78
2024-01-28 01:00:00,110.62
2024-01-28 02:00:00,88.19
2024-01-28 03:00:00,84.13
2024-01-28 04:00:00,83.95
2024-01-28 05:00:00,84.05
2024-01-28 06:00:00,88.19
2024-01-28 07:00:00,100.43
2024-01-28 08:00:00,119.96
2024-01-28 09:00:00,94.68
2024-01-28 10:00:00,87.78
2024-01-28 11:00:00,84.21
2024-01-28 12:00:00,84.64
2024-01-28 13:00:00,86.73
2024-01-28 14:00:00,84.62
2024-01-28 15:00:00,86.77
2024-01-28 16:00:00,97.36
2024-01-28 17:00:00,101.75
2024-01-28 18:00:00,101.47
2024-01-28 19:00:00,102.71
2024-01-28 20:00:00,120.09
2024-01-28 21:00:00,116.69
2024-01-28 22:00:00,118.03
2024-01-28 23:00:00,88.24
2024-01-29 00:00:00,114.82
2024-01-29 01:00:00,86.35
2024-01-29 02:00:00,66.83
2024-01-29 03:00:00,55.27
2024-01-29 04:00:00,54.28
2024-01-29 05:00:00,86.36
2024-01-29 06:00:00,96.39
2024-01-29 07:00:00,121.77
2024-01-29 08:00:00,124.9
2024-01-29 09:00:00,121.06
2024-01-29 10:00:00,121.1
2024-01-29 11:00:00,127.09
2024-01-29 12:00:00,114.74
2024-01-29 13:00:00,121.13
2024-01-29 14:00:00,121.13
2024-01-29 15:00:00,127.54
2024-01-29 16:00:00,121.28
2024-01-29 17:00:00,121.3
2024-01-29 18:00:00,121.26
2024-01-29 19:00:00,121.93
2024-01-29 20:00:00,141.03
2024-01-29 21:00:00,121.13
2024-01-29 22:00:00,121.79
2024-01-29 23:00:00,119.05
2024-01-30 00:00:00,104.09
2024-01-30 01:00:00,91.61
2024-01-30 02:00:00,55.79
2024-01-30 03:00:00,55.56
2024-01-30 04:00:00,55.66
2024-01-30 05:00:00,93.87
2024-01-30 06:00:00,113.8
2024-01-30 07:00:00,130.4
2024-01-30 08:00:00,121.53
2024-01-30 09:00:00,120.05
2024-01-30 10:00:00,118.82
2024-01-30 11:00:00,120.06
2024-01-30 12:00:00,116.78
2024-01-30 13:00:00,118.79
2024-01-30 14:00:00,121.24
2024-01-30 15:00:00,121.78
2024-01-30 16:00:00,126.83
2024-01-30 17:00:00,121.14
2024-01-30 18:00:00,121.28
2024-01-30 19:00:00,127.22
2024-01-30 20:00:00,140.13
2024-01-30 21:00:00,121.14
2024-01-30 22:00:00,120.08
2024-01-30 23:00:00,115.35
2024-01-31 00:00:00,115.0
2024-01-31 01:00:00,93.95
2024-01-31 02:00:00,49.74
2024-01-31 03:00:00,49.72
2024-01-31 04:00:00,49.72
2024-01-31 05:00:00,96.37
2024-01-31 06:00:00,121.72
2024-01-31 07:00:00,147.59
2024-01-31 08:00:00,142.4
2024-01-31 09:00:00,121.09
2024-01-31 10:00:00,121.79
2024-01-31 11:00:00,121.78
2024-01-31 12:00:00,117.42
2024-01-31 13:00:00,120.12
2024-01-31 14:00:00,126.8
2024-01-31 15:00:00,141.91
2024-01-31 16:00:00,177.17
2024-01-31 17:00:00,142.78
2024-01-31 18:00:00,146.79
2024-01-31 19:00:00,148.85
2024-01-31 20:00:00,147.07
2024-01-31 21:00:00,121.85
2024-01-31 22:00:00,121.09
2024-01-31 23:00:00,121.19
2024-02-01 00:00:00,122.91
2024-02-01 01:00:00,96.27
2024-02-01 02:00:00,83.79
2024-02-01 03:00:00,69.95
2024-02-01 04:00:00,69.95
2024-02-01 05:00:00,100.2
2024-02-01 06:00:00,123.77
2024-02-01 07:00:00,125.19
2024-02-01 08:00:00,144.4
2024-02-01 09:00:00,136.65
2024-02-01 10:00:00,139.92
2024-02-01 11:00:00,125.33
2024-02-01 12:00:00,119.55
2024-02-01 13:00:00,115.57
2024-02-01 14:00:00,134.17
2024-02-01 15:00:00,146.79
2024-02-01 16:00:00,145.8
2024-02-01 17:00:00,152.76
2024-02-01 18:00:00,183.4
2024-02-01 19:00:00,225.49
2024-02-01 20:00:00,191.07
2024-02-01 21:00:00,152.7
2024-02-01 22:00:00,143.0
2024-02-01 23:00:00,125.0
2024-02-02 00:00:00,124.94
2024-02-02 01:00:00,110.67
2024-02-02 02:00:00,96.54
2024-02-02 03:00:00,84.09
2024-02-02 04:00:00,84.0
2024-02-02 05:00:00,101.12
2024-02-02 06:00:00,121.91
2024-02-02 07:00:00,130.19
2024-02-02 08:00:00,130.34
2024-02-02 09:00:00,130.32
2024-02-02 10:00:00,127.34
2024-02-02 11:00:00,116.78
2024-02-02 12:00:00,113.72
2024-02-02 13:00:00,113.73
2024-02-02 14:00:00,130.49
2024-02-02 15:00:00,153.19
2024-02-02 16:00:00,365.0
2024-02-02 17:00:00,404.91
2024-02-02 18:00:00,211.22
2024-02-02 19:00:00,201.23
2024-02-02 20:00:00,190.98
2024-02-02 21:00:00,150.97
2024-02-02 22:00:00,130.44
2024-02-02 23:00:00,127.13
2024-02-03 00:00:00,122.89
2024-02-03 01:00:00,118.56
2024-02-03 02:00:00,122.83
2024-02-03 03:00:00,121.81
2024-02-03 04:00:00,121.82
2024-02-03 05:00:00,110.08
2024-02-03 06:00:00,121.84
2024-02-03 07:00:00,133.57
2024-02-03 08:00:00,133.69
2024-02-03 09:00:00,123.78
2024-02-03 10:00:00,123.8
2024-02-03 11:00:00,121.91
2024-02-03 12:00:00,93.63
2024-02-03 13:00:00,93.61
2024-02-03 14:00:00,105.26
2024-02-03 15:00:00,122.91
2024-02-03 16:00:00,133.62
2024-02-03 17:00:00,133.92
2024-02-03 18:00:00,344.53
2024-02-03 19:00:00,426.08
2024-02-03 20:00:00,212.79
2024-02-03 21:00:00,153.01
2024-02-03 22:00:00,133.92
2024-02-03 23:00:00,136.85
2024-02-04 00:00:00,123.75
2024-02-04 01:00:00,123.74
2024-02-04 02:00:00,122.85
2024-02-04 03:00:00,116.07
2024-02-04 04:00:00,121.81
2024-02-04 05:00:00,121.82
2024-02-04 06:00:00,121.84
2024-02-04 07:00:00,113.42
2024-02-04 08:00:00,104.15
2024-02-04 09:00:00,98.19
2024-02-04 10:00:00,87.77
2024-02-04 11:00:00,87.3
2024-02-04 12:00:00,81.97
2024-02-04 13:00:00,81.96
2024-02-04 14:00:00,85.36
2024-02-04 15:00:00,87.51
2024-02-04 16:00:00,113.19
2024-02-04 17:00:00,125.26
2024-02-04 18:00:00,157.69
2024-02-04 19:00:00,202.52
2024-02-04 20:00:00,162.74
2024-02-04 21:00:00,154.82
2024-02-04 22:00:00,133.67
2024-02-04 23:00:00,122.93
2024-02-05 00:00:00,133.69
2024-02-05 01:00:00,122.87
2024-02-05 02:00:00,113.2
2024-02-05 03:00:00,105.25
2024-02-05 04:00:00,98.8
2024-02-05 05:00:00,121.83
2024-02-05 06:00:00,123.73
2024-02-05 07:00:00,128.82
2024-02-05 08:00:00,133.78
2024-02-05 09:00:00,133.7
2024-02-05 10:00:00,128.79
2024-02-05 11:00:00,123.16
2024-02-05 12:00:00,121.98
2024-02-05 13:00:00,124.07
2024-02-05 14:00:00,133.75
2024-02-05 15:00:00,133.75
2024-02-05 16:00:00,133.85
2024-02-05 17:00:00,155.48
2024-02-05 18:00:00,163.05
2024-02-05 19:00:00,183.49
2024-02-05 20:00:00,208.86
2024-02-05 21:00:00,152.54
2024-02-05 22:00:00,150.28
2024-02-05 23:00:00,125.31
2024-02-06 00:00:00,125.12
2024-02-06 01:00:00,121.88
2024-02-06 02:00:00,113.23
2024-02-06 03:00:00,104.16
2024-02-06 04:00:00,96.27
2024-02-06 05:00:00,118.73
2024-02-06 06:00:00,123.78
2024-02-06 07:00:00,133.43
2024-02-06 08:00:00,133.78
2024-02-06 09:00:00,133.66
2024-02-06 10:00:00,128.8
2024-02-06 11:00:00,123.16
2024-02-06 12:00:00,123.11
2024-02-06 13:00:00,124.05
2024-02-06 14:00:00,133.84
2024-02-06 15:00:00,169.78
2024-02-06 16:00:00,183.49
2024-02-06 17:00:00,253.79
2024-02-06 18:00:00,154.62
2024-02-06 19:00:00,157.77
2024-02-06 20:00:00,162.83
2024-02-06 21:00:00,152.12
2024-02-06 22:00:00,151.03
2024-02-06 23:00:00,133.7
2024-02-07 00:00:00,125.12
2024-02-07 01:00:00,122.9
2024-02-07 02:00:00,118.74
2024-02-07 03:00:00,104.16
2024-02-07 04:00:00,99.86
2024-02-07 05:00:00,121.86
2024-02-07 06:00:00,124.99
2024-02-07 07:00:00,133.95
2024-02-07 08:00:00,133.68
2024-02-07 09:00:00,133.69
2024-02-07 10:00:00,125.34
2024-02-07 11:00:00,125.38
2024-02-07 12:00:00,123.11
2024-02-07 13:00:00,128.82
2024-02-07 14:00:00,129.45
2024-02-07 15:00:00,133.75
2024-02-07 16:00:00,212.35
2024-02-07 17:00:00,202.59
2024-02-07 18:00:00,181.65
2024-02-07 19:00:00,163.06
2024-02-07 20:00:00,212.47
2024-02-07 21:00:00,133.91
2024-02-07 22:00:00,133.75
2024-02-07 23:00:00,128.82
2024-02-08 00:00:00,124.68
2024-02-08 01:00:00,121.87
2024-02-08 02:00:00,105.31
2024-02-08 03:00:00,98.8
2024-02-08 04:00:00,90.29
2024-02-08 05:00:00,113.23
2024-02-08 06:00:00,123.77
2024-02-08 07:00:00,133.77
2024-02-08 08:00:00,133.69
2024-02-08 09:00:00,128.81
2024-02-08 10:00:00,125.36
2024-02-08 11:00:00,119.55
2024-02-08 12:00:00,113.18
2024-02-08 13:00:00,124.08
2024-02-08 14:00:00,133.75
2024-02-08 15:00:00,153.73
2024-02-08 16:00:00,152.96
2024-02-08 17:00:00,142.74
2024-02-08 18:00:00,143.2
2024-02-08 19:00:00,134.09
2024-02-08 20:00:00,143.56
2024-02-08 21:00:00,134.0
2024-02-08 22:00:00,133.38
2024-02-08 23:00:00,113.23
2024-02-09 00:00:00,104.17
2024-02-09 01:00:00,117.13
2024-02-09 02:00:00,104.11
2024-02-09 03:00:00,89.72
2024-02-09 04:00:00,83.98
2024-02-09 05:00:00,88.13
2024-02-09 06:00:00,89.95
2024-02-09 07:00:00,104.14
2024-02-09 08:00:00,124.23
2024-02-09 09:00:00,124.31
2024-02-09 10:00:00,121.99
2024-02-09 11:00:00,104.09
2024-02-09 12:00:00,97.42
2024-02-09 13:00:00,92.14
2024-02-09 14:00:00,91.76
2024-02-09 15:00:00,95.29
2024-02-09 16:00:00,110.64
2024-02-09 17:00:00,122.03
2024-02-09 18:00:00,118.71
2024-02-09 19:00:00,110.65
2024-02-09 20:00:00,108.66
2024-02-09 21:00:00,103.46
2024-02-09 22:00:00,103.4
2024-02-09 23:00:00,105.03
2024-02-10 00:00:00,123.17
2024-02-10 01:00:00,123.11
2024-02-10 02:00:00,104.54
2024-02-10 03:00:00,69.83
2024-02-10 04:00:00,88.3
2024-02-10 05:00:00,84.07
2024-02-10 06:00:00,84.09
2024-02-10 07:00:00,94.88
2024-02-10 08:00:00,98.85
2024-02-10 09:00:00,90.64
2024-02-10 10:00:00,85.54
2024-02-10 11:00:00,83.91
2024-02-10 12:00:00,75.81
2024-02-10 13:00:00,74.7
2024-02-10 14:00:00,74.79
2024-02-10 15:00:00,80.86
2024-02-10 16:00:00,75.09
2024-02-10 17:00:00,83.8
2024-02-10 18:00:00,88.2
2024-02-10 19:00:00,94.57
2024-02-10 20:00:00,102.54
2024-02-10 21:00:00,105.15
2024-02-10 22:00:00,108.14
2024-02-10 23:00:00,118.74
2024-02-11 00:00:00,94.5
2024-02-11 01:00:00,90.02
2024-02-11 02:00:00,84.12
2024-02-11 03:00:00,69.8
2024-02-11 04:00:00,64.3
2024-02-11 05:00:00,64.31
2024-02-11 06:00:00,64.31
2024-02-11 07:00:00,84.1
2024-02-11 08:00:00,94.49
2024-02-11 09:00:00,90.38
2024-02-11 10:00:00,89.91
2024-02-11 11:00:00,89.88
2024-02-11 12:00:00,88.74
2024-02-11 13:00:00,88.04
2024-02-11 14:00:00,86.1
2024-02-11 15:00:00,85.23
2024-02-11 16:00:00,83.51
2024-02-11 17:00:00,86.03
2024-02-11 18:00:00,91.16
2024-02-11 19:00:00,95.47
2024-02-11 20:00:00,106.85
2024-02-11 21:00:00,111.66
2024-02-11 22:00:00,113.06
2024-02-11 23:00:00,113.41
2024-02-12 00:00:00,102.41
2024-02-12 01:00:00,111.59
2024-02-12 02:00:00,90.62
2024-02-12 03:00:00,87.16
2024-02-12 04:00:00,84.09
2024-02-12 05:00:00,87.15
2024-02-12 06:00:00,88.17
2024-02-12 07:00:00,102.34
2024-02-12 08:00:00,123.12
2024-02-12 09:00:00,123.15
2024-02-12 10:00:00,123.22
2024-02-12 11:00:00,123.24
2024-02-12 12:00:00,89.02
2024-02-12 13:00:00,89.93
2024-02-12 14:00:00,89.03
2024-02-12 15:00:00,91.14
2024-02-12 16:00:00,86.35
2024-02-12 17:00:00,86.37
2024-02-12 18:00:00,83.38
2024-02-12 19:00:00,85.49
2024-02-12 20:00:00,87.26
2024-02-12 21:00:00,88.4
2024-02-12 22:00:00,94.63
2024-02-12 23:00:00,93.99
2024-02-13 00:00:00,124.16
2024-02-13 01:00:00,123.12
2024-02-13 02:00:00,98.56
2024-02-13 03:00:00,96.71
2024-02-13 04:00:00,95.89
2024-02-13 05:00:00,99.94
2024-02-13 06:00:00,122.56
2024-02-13 07:00:00,123.16
2024-02-13 08:00:00,124.37
2024-02-13 09:00:00,117.52
2024-02-13 10:00:00,94.96
2024-02-13 11:00:00,98.99
2024-02-13 12:00:00,98.97
2024-02-13 13:00:00,125.78
2024-02-13 14:00:00,152.04
2024-02-13 15:00:00,123.34
2024-02-13 16:00:00,133.88
2024-02-13 17:00:00,134.04
2024-02-13 18:00:00,125.77
2024-02-13 19:00:00,133.78
2024-02-13 20:00:00,152.85
2024-02-13 21:00:00,142.36
2024-02-13 22:00:00,133.84
2024-02-13 23:00:00,119.04
2024-02-14 00:00:00,92.97
2024-02-14 01:00:00,92.94
2024-02-14 02:00:00,84.1
2024-02-14 03:00:00,69.76
2024-02-14 04:00:00,52.71
2024-02-14 05:00:00,92.28
2024-02-14 06:00:00,113.26
2024-02-14 07:00:00,133.87
2024-02-14 08:00:00,124.38
2024-02-14 09:00:00,124.4
2024-02-14 10:00:00,125.7
2024-02-14 11:00:00,96.55
2024-02-14 12:00:00,96.56
2024-02-14 13:00:00,102.54
2024-02-14 14:00:00,123.96
2024-02-14 15:00:00,123.42
2024-02-14 16:00:00,153.38
2024-02-14 17:00:00,202.63
2024-02-14 18:00:00,133.86
2024-02-14 19:00:00,134.08
2024-02-14 20:00:00,151.75
2024-02-14 21:00:00,143.38
2024-02-14 22:00:00,140.97
2024-02-14 23:00:00,124.31
2024-02-15 00:00:00,102.42
2024-02-15 01:00:00,103.13
2024-02-15 02:00:00,92.93
2024-02-15 03:00:00,84.1
2024-02-15 04:00:00,69.76
2024-02-15 05:00:00,97.49
2024-02-15 06:00:00,123.11
2024-02-15 07:00:00,132.41
2024-02-15 08:00:00,129.74
2024-02-15 09:00:00,125.69
2024-02-15 10:00:00,125.7
2024-02-15 11:00:00,125.71
2024-02-15 12:00:00,133.69
2024-02-15 13:00:00,133.82
2024-02-15 14:00:00,134.02
2024-02-15 15:00:00,133.99
2024-02-15 16:00:00,140.96
2024-02-15 17:00:00,233.85
2024-02-15 18:00:00,138.5
2024-02-15 19:00:00,143.48
2024-02-15 20:00:00,183.62
2024-02-15 21:00:00,134.06
2024-02-15 22:00:00,125.74
2024-02-15 23:00:00,111.2
2024-02-16 00:00:00,99.97
2024-02-16 01:00:00,88.2
2024-02-16 02:00:00,59.82
2024-02-16 03:00:00,57.81
2024-02-16 04:00:00,55.6
2024-02-16 05:00:00,87.97
2024-02-16 06:00:00,111.6
2024-02-16 07:00:00,123.2
2024-02-16 08:00:00,125.68
2024-02-16 09:00:00,125.69
2024-02-16 10:00:00,130.86
2024-02-16 11:00:00,125.77
2024-02-16 12:00:00,124.45
2024-02-16 13:00:00,124.33
2024-02-16 14:00:00,118.25
2024-02-16 15:00:00,134.04
2024-02-16 16:00:00,134.04
2024-02-16 17:00:00,141.03
2024-02-16 18:00:00,133.84
2024-02-16 19:00:00,141.02
2024-02-16 20:00:00,151.03
2024-02-16 21:00:00,133.96
2024-02-16 22:00:00,125.75
2024-02-16 23:00:00,111.97
2024-02-17 00:00:00,85.38
2024-02-17 01:00:00,85.21
2024-02-17 02:00:00,72.37
2024-02-17 03:00:00,54.6
2024-02-17 04:00:00,54.6
2024-02-17 05:00:00,69.81
2024-02-17 06:00:00,84.08
2024-02-17 07:00:00,88.21
2024-02-17 08:00:00,91.62
2024-02-17 09:00:00,93.0
2024-02-17 10:00:00,87.92
2024-02-17 11:00:00,84.57
2024-02-17 12:00:00,81.27
2024-02-17 13:00:00,87.93
2024-02-17 14:00:00,88.24
2024-02-17 15:00:00,88.44
2024-02-17 16:00:00,87.92
2024-02-17 17:00:00,94.73
2024-02-17 18:00:00,126.71
2024-02-17 19:00:00,133.66
2024-02-17 20:00:00,133.96
2024-02-17 21:00:00,133.77
2024-02-17 22:00:00,111.8
2024-02-17 23:00:00,91.86
2024-02-18 00:00:00,98.68
2024-02-18 01:00:00,94.44
2024-02-18 02:00:00,91.91
2024-02-18 03:00:00,87.73
2024-02-18 04:00:00,86.0
2024-02-18 05:00:00,81.05
2024-02-18 06:00:00,85.87
2024-02-18 07:00:00,90.43
2024-02-18 08:00:00,91.03
2024-02-18 09:00:00,85.97
2024-02-18 10:00:00,81.65
2024-02-18 11:00:00,60.23
2024-02-18 12:00:00,49.94
2024-02-18 13:00:00,49.78
2024-02-18 14:00:00,64.25
2024-02-18 15:00:00,89.68
2024-02-18 16:00:00,102.42
2024-02-18 17:00:00,133.55
2024-02-18 18:00:00,133.95
2024-02-18 19:00:00,172.34
2024-02-18 20:00:00,183.53
2024-02-18 21:00:00,191.64
2024-02-18 22:00:00,133.97
2024-02-18 23:00:00,115.04
2024-02-19 00:00:00,113.03
2024-02-19 01:00:00,94.53
2024-02-19 02:00:00,85.53
2024-02-19 03:00:00,92.18
2024-02-19 04:00:00,88.64
2024-02-19 05:00:00,92.97
2024-02-19 06:00:00,102.42
2024-02-19 07:00:00,133.62
2024-02-19 08:00:00,133.99
2024-02-19 09:00:00,133.91
2024-02-19 10:00:00,134.05
2024-02-19 11:00:00,133.91
2024-02-19 12:00:00,124.3
2024-02-19 13:00:00,115.05
2024-02-19 14:00:00,129.7
2024-02-19 15:00:00,133.97
2024-02-19 16:00:00,152.42
2024-02-19 17:00:00,142.01
2024-02-19 18:00:00,134.02
2024-02-19 19:00:00,147.72
2024-02-19 20:00:00,199.31
2024-02-19 21:00:00,133.83
2024-02-19 22:00:00,147.04
2024-02-19 23:00:00,126.7
2024-02-20 00:00:00,133.73
2024-02-20 01:00:00,103.61
2024-02-20 02:00:00,91.18
2024-02-20 03:00:00,84.15
2024-02-20 04:00:00,84.03
2024-02-20 05:00:00,99.36
2024-02-20 06:00:00,125.04
2024-02-20 07:00:00,133.85
2024-02-20 08:00:00,146.44
2024-02-20 09:00:00,134.19
2024-02-20 10:00:00,141.55
2024-02-20 11:00:00,133.79
2024-02-20 12:00:00,133.78
2024-02-20 13:00:00,133.76
2024-02-20 14:00:00,133.97
2024-02-20 15:00:00,154.68
2024-02-20 16:00:00,233.89
2024-02-20 17:00:00,203.23
2024-02-20 18:00:00,233.83
2024-02-20 19:00:00,337.52
2024-02-20 20:00:00,233.86
2024-02-20 21:00:00,158.89
2024-02-20 22:00:00,153.3
2024-02-20 23:00:00,135.45
2024-02-21 00:00:00,154.55
2024-02-21 01:00:00,141.8
2024-02-21 02:00:00,139.3
2024-02-21 03:00:00,121.29
2024-02-21 04:00:00,119.85
2024-02-21 05:00:00,116.32
2024-02-21 06:00:00,139.39
2024-02-21 07:00:00,151.6
2024-02-21 08:00:00,152.4
2024-02-21 09:00:00,152.4
2024-02-21 10:00:00,139.75
2024-02-21 11:00:00,141.99
2024-02-21 12:00:00,139.46
2024-02-21 13:00:00,139.67
2024-02-21 14:00:00,139.65
2024-02-21 15:00:00,202.69
2024-02-21 16:00:00,234.13
2024-02-21 17:00:00,233.95
2024-02-21 18:00:00,253.92
2024-02-21 19:00:00,253.89
2024-02-21 20:00:00,253.89
2024-02-21 21:00:00,374.36
2024-02-21 22:00:00,201.78
2024-02-21 23:00:00,147.44
2024-02-22 00:00:00,114.91
2024-02-22 01:00:00,102.39
2024-02-22 02:00:00,99.97
2024-02-22 03:00:00,93.6
2024-02-22 04:00:00,84.81
2024-02-22 05:00:00,98.86
2024-02-22 06:00:00,126.6
2024-02-22 07:00:00,141.92
2024-02-22 08:00:00,151.6
2024-02-22 09:00:00,150.34
2024-02-22 10:00:00,137.7
2024-02-22 11:00:00,125.29
2024-02-22 12:00:00,124.51
2024-02-22 13:00:00,147.92
2024-02-22 14:00:00,142.07
2024-02-22 15:00:00,131.89
2024-02-22 16:00:00,150.46
2024-02-22 17:00:00,158.44
2024-02-22 18:00:00,153.09
2024-02-22 19:00:00,169.14
2024-02-22 20:00:00,233.85
2024-02-22 21:00:00,369.39
2024-02-22 22:00:00,233.81
2024-02-22 23:00:00,151.11
2024-02-23 00:00:00,172.35
2024-02-23 01:00:00,150.29
2024-02-23 02:00:00,116.35
2024-02-23 03:00:00,106.04
2024-02-23 04:00:00,104.08
2024-02-23 05:00:00,104.19
2024-02-23 06:00:00,126.95
2024-02-23 07:00:00,150.2
2024-02-23 08:00:00,166.89
2024-02-23 09:00:00,172.38
2024-02-23 10:00:00,164.61
2024-02-23 11:00:00,150.26
2024-02-23 12:00:00,135.38
2024-02-23 13:00:00,150.23
2024-02-23 14:00:00,172.39
2024-02-23 15:00:00,205.19
2024-02-23 16:00:00,166.95
2024-02-23 17:00:00,203.25
2024-02-23 18:00:00,153.13
2024-02-23 19:00:00,203.01
2024-02-23 20:00:00,189.72
2024-02-23 21:00:00,202.86
2024-02-23 22:00:00,181.82
2024-02-23 23:00:00,150.43
2024-02-24 00:00:00,137.91
2024-02-24 01:00:00,114.83
2024-02-24 02:00:00,107.07
2024-02-24 03:00:00,100.86
2024-02-24 04:00:00,100.81
2024-02-24 05:00:00,105.85
2024-02-24 06:00:00,122.7
2024-02-24 07:00:00,141.78
2024-02-24 08:00:00,202.76
2024-02-24 09:00:00,233.81
2024-02-24 10:00:00,196.72
2024-02-24 11:00:00,150.42
2024-02-24 12:00:00,152.34
2024-02-24 13:00:00,203.16
2024-02-24 14:00:00,126.69
2024-02-24 15:00:00,150.39
2024-02-24 16:00:00,130.37
2024-02-24 17:00:00,141.91
2024-02-24 18:00:00,203.06
2024-02-24 19:00:00,325.48
2024-02-24 20:00:00,293.96
2024-02-24 21:00:00,323.89
2024-02-24 22:00:00,152.48
2024-02-24 23:00:00,122.71
2024-02-25 00:00:00,92.97
2024-02-25 01:00:00,102.35
2024-02-25 02:00:00,100.21
2024-02-25 03:00:00,94.7
2024-02-25 04:00:00,92.93
2024-02-25 05:00:00,91.65
2024-02-25 06:00:00,92.94
2024-02-25 07:00:00,94.03
2024-02-25 08:00:00,114.78
2024-02-25 09:00:00,114.26
2024-02-25 10:00:00,97.66
2024-02-25 11:00:00,71.66
2024-02-25 12:00:00,61.37
2024-02-25 13:00:00,61.67
2024-02-25 14:00:00,69.93
2024-02-25 15:00:00,61.89
2024-02-25 16:00:00,70.95
2024-02-25 17:00:00,106.72
2024-02-25 18:00:00,152.42
2024-02-25 19:00:00,377.71
2024-02-25 20:00:00,457.27
2024-02-25 21:00:00,619.7
2024-02-25 22:00:00,233.88
2024-02-25 23:00:00,132.0
2024-02-26 00:00:00,127.9
2024-02-26 01:00:00,120.3
2024-02-26 02:00:00,111.31
2024-02-26 03:00:00,102.99
2024-02-26 04:00:00,94.73
2024-02-26 05:00:00,110.08
2024-02-26 06:00:00,124.18
2024-02-26 07:00:00,150.05
2024-02-26 08:00:00,240.04
2024-02-26 09:00:00,254.25
2024-02-26 10:00:00,254.15
2024-02-26 11:00:00,152.4
2024-02-26 12:00:00,185.66
2024-02-26 13:00:00,156.63
2024-02-26 14:00:00,150.45
2024-02-26 15:00:00,139.66
2024-02-26 16:00:00,150.48
2024-02-26 17:00:00,156.69
2024-02-26 18:00:00,158.77
2024-02-26 19:00:00,205.35
2024-02-26 20:00:00,198.62
2024-02-26 21:00:00,193.88
2024-02-26 22:00:00,233.81
2024-02-26 23:00:00,172.32
2024-02-27 00:00:00,122.76
2024-02-27 01:00:00,115.11
2024-02-27 02:00:00,106.97
2024-02-27 03:00:00,104.05
2024-02-27 04:00:00,102.41
2024-02-27 05:00:00,107.06
2024-02-27 06:00:00,141.78
2024-02-27 07:00:00,150.12
2024-02-27 08:00:00,158.57
2024-02-27 09:00:00,160.78
2024-02-27 10:00:00,171.74
2024-02-27 11:00:00,189.2
2024-02-27 12:00:00,150.49
2024-02-27 13:00:00,156.01
2024-02-27 14:00:00,150.15
2024-02-27 15:00:00,155.59
2024-02-27 16:00:00,150.37
2024-02-27 17:00:00,150.15
2024-02-27 18:00:00,150.27
2024-02-27 19:00:00,157.87
2024-02-27 20:00:00,155.64
2024-02-27 21:00:00,209.69
2024-02-27 22:00:00,325.59
2024-02-27 23:00:00,205.68
2024-02-28 00:00:00,155.7
2024-02-28 01:00:00,128.36
2024-02-28 02:00:00,102.43
2024-02-28 03:00:00,100.89
2024-02-28 04:00:00,99.78
2024-02-28 05:00:00,109.54
2024-02-28 06:00:00,152.17
2024-02-28 07:00:00,171.06
2024-02-28 08:00:00,233.7
2024-02-28 09:00:00,372.34
2024-02-28 10:00:00,312.68
2024-02-28 11:00:00,171.12
2024-02-28 12:00:00,158.53
2024-02-28 13:00:00,171.13
2024-02-28 14:00:00,171.22
2024-02-28 15:00:00,126.79
2024-02-28 16:00:00,131.86
2024-02-28 17:00:00,160.44
2024-02-28 18:00:00,171.22
2024-02-28 19:00:00,254.12
2024-02-28 20:00:00,205.4
2024-02-28 21:00:00,198.83
2024-02-28 22:00:00,198.29
2024-02-28 23:00:00,164.6
2024-02-29 00:00:00,142.7
2024-02-29 01:00:00,107.08
2024-02-29 02:00:00,98.89
2024-02-29 03:00:00,92.95
2024-02-29 04:00:00,88.21
2024-02-29 05:00:00,98.89
2024-02-29 06:00:00,113.29
2024-02-29 07:00:00,153.5
2024-02-29 08:00:00,193.97
2024-02-29 09:00:00,194.02
2024-02-29 10:00:00,190.82
2024-02-29 11:00:00,141.55
2024-02-29 12:00:00,125.27
2024-02-29 13:00:00,159.64
2024-02-29 14:00:00,130.35
2024-02-29 15:00:00,136.42
2024-02-29 16:00:00,171.23
2024-02-29 17:00:00,203.26
2024-02-29 18:00:00,412.2
2024-02-29 19:00:00,372.96
2024-02-29 20:00:00,326.13
2024-02-29 21:00:00,356.66
2024-02-29 22:00:00,703.85
2024-02-29 23:00:00,194.54
2024-03-01 00:00:00,134.3
2024-03-01 01:00:00,122.72
2024-03-01 02:00:00,102.32
2024-03-01 03:00:00,101.34
2024-03-01 04:00:00,101.34
2024-03-01 05:00:00,123.38
2024-03-01 06:00:00,181.8
2024-03-01 07:00:00,313.97
2024-03-01 08:00:00,3071.68
2024-03-01 09:00:00,718.15
2024-03-01 10:00:00,520.96
2024-03-01 11:00:00,728.28
2024-03-01 12:00:00,520.53
2024-03-01 13:00:00,520.53
2024-03-01 14:00:00,321.21
2024-03-01 15:00:00,520.63
2024-03-01 16:00:00,531.79
2024-03-01 17:00:00,1513.34
2024-03-01 18:00:00,556.02
2024-03-01 19:00:00,544.71
2024-03-01 20:00:00,521.23
2024-03-01 21:00:00,520.69
2024-03-01 22:00:00,320.38
2024-03-01 23:00:00,258.89
2024-03-02 00:00:00,125.09
2024-03-02 01:00:00,131.64
2024-03-02 02:00:00,125.42
2024-03-02 03:00:00,122.75
2024-03-02 04:00:00,122.7
2024-03-02 05:00:00,122.75
2024-03-02 06:00:00,122.74
2024-03-02 07:00:00,131.99
2024-03-02 08:00:00,183.73
2024-03-02 09:00:00,177.11
2024-03-02 10:00:00,163.69
2024-03-02 11:00:00,155.51
2024-03-02 12:00:00,113.03
2024-03-02 13:00:00,125.29
2024-03-02 14:00:00,131.79
2024-03-02 15:00:00,125.29
2024-03-02 16:00:00,163.46
2024-03-02 17:00:00,155.23
2024-03-02 18:00:00,173.68
2024-03-02 19:00:00,204.57
2024-03-02 20:00:00,182.62
2024-03-02 21:00:00,165.94
2024-03-02 22:00:00,149.37
2024-03-02 23:00:00,131.81
2024-03-03 00:00:00,125.44
2024-03-03 01:00:00,109.89
2024-03-03 02:00:00,104.21
2024-03-03 03:00:00,101.58
2024-03-03 04:00:00,97.78
2024-03-03 05:00:00,96.78
2024-03-03 06:00:00,97.77
2024-03-03 07:00:00,95.84
2024-03-03 08:00:00,113.21
2024-03-03 09:00:00,123.41
2024-03-03 10:00:00,142.68
2024-03-03 11:00:00,117.87
2024-03-03 12:00:00,93.28
2024-03-03 13:00:00,98.01
2024-03-03 14:00:00,93.26
2024-03-03 15:00:00,111.31
2024-03-03 16:00:00,93.34
2024-03-03 17:00:00,137.33
2024-03-03 18:00:00,146.31
2024-03-03 19:00:00,171.51
2024-03-03 20:00:00,169.19
2024-03-03 21:00:00,182.67
2024-03-03 22:00:00,154.5
2024-03-03 23:00:00,127.53
2024-03-04 00:00:00,123.41
2024-03-04 01:00:00,112.44
2024-03-04 02:00:00,102.57
2024-03-04 03:00:00,100.17
2024-03-04 04:00:00,96.71
2024-03-04 05:00:00,100.19
2024-03-04 06:00:00,105.77
2024-03-04 07:00:00,133.35
2024-03-04 08:00:00,554.42
2024-03-04 09:00:00,693.36
2024-03-04 10:00:00,554.68
2024-03-04 11:00:00,693.41
2024-03-04 12:00:00,310.34
2024-03-04 13:00:00,555.67
2024-03-04 14:00:00,555.28
2024-03-04 15:00:00,452.25
2024-03-04 16:00:00,489.91
2024-03-04 17:00:00,693.5
2024-03-04 18:00:00,505.9
2024-03-04 19:00:00,555.65
2024-03-04 20:00:00,439.32
2024-03-04 21:00:00,526.59
2024-03-04 22:00:00,188.55
2024-03-04 23:00:00,132.9
2024-03-05 00:00:00,81.36
2024-03-05 01:00:00,88.09
2024-03-05 02:00:00,88.09
2024-03-05 03:00:00,85.75
2024-03-05 04:00:00,84.02
2024-03-05 05:00:00,91.03
2024-03-05 06:00:00,95.19
2024-03-05 07:00:00,120.09
2024-03-05 08:00:00,181.75
2024-03-05 09:00:00,202.84
2024-03-05 10:00:00,203.65
2024-03-05 11:00:00,141.49
2024-03-05 12:00:00,167.7
2024-03-05 13:00:00,168.31
2024-03-05 14:00:00,201.77
2024-03-05 15:00:00,308.72
2024-03-05 16:00:00,362.95
2024-03-05 17:00:00,303.55
2024-03-05 18:00:00,201.8
2024-03-05 19:00:00,302.58
2024-03-05 20:00:00,261.93
2024-03-05 21:00:00,192.61
2024-03-05 22:00:00,127.72
2024-03-05 23:00:00,120.24
2024-03-06 00:00:00,99.25
2024-03-06 01:00:00,84.63
2024-03-06 02:00:00,83.01
2024-03-06 03:00:00,83.82
2024-03-06 04:00:00,68.27
2024-03-06 05:00:00,85.12
2024-03-06 06:00:00,97.8
2024-03-06 07:00:00,123.43
2024-03-06 08:00:00,175.35
2024-03-06 09:00:00,175.49
2024-03-06 10:00:00,161.51
2024-03-06 11:00:00,123.67
2024-03-06 12:00:00,112.54
2024-03-06 13:00:00,132.95
2024-03-06 14:00:00,125.72
2024-03-06 15:00:00,181.24
2024-03-06 16:00:00,311.11
2024-03-06 17:00:00,404.91
2024-03-06 18:00:00,175.55
2024-03-06 19:00:00,177.2
2024-03-06 20:00:00,175.56
2024-03-06 21:00:00,173.6
2024-03-06 22:00:00,128.98
2024-03-06 23:00:00,111.28
2024-03-07 00:00:00,130.73
2024-03-07 01:00:00,123.63
2024-03-07 02:00:00,123.29
2024-03-07 03:00:00,116.59
2024-03-07 04:00:00,106.76
2024-03-07 05:00:00,120.51
2024-03-07 06:00:00,125.43
2024-03-07 07:00:00,135.23
2024-03-07 08:00:00,323.97
2024-03-07 09:00:00,554.8
2024-03-07 10:00:00,404.96
2024-03-07 11:00:00,262.34
2024-03-07 12:00:00,149.76
2024-03-07 13:00:00,168.8
2024-03-07 14:00:00,258.57
2024-03-07 15:00:00,970.32
2024-03-07 16:00:00,353.42
2024-03-07 17:00:00,832.26
2024-03-07 18:00:00,555.82
2024-03-07 19:00:00,459.22
2024-03-07 20:00:00,451.35
2024-03-07 21:00:00,310.32
2024-03-07 22:00:00,154.06
2024-03-07 23:00:00,147.64
2024-03-08 00:00:00,122.03
2024-03-08 01:00:00,116.62
2024-03-08 02:00:00,105.26
2024-03-08 03:00:00,102.54
2024-03-08 04:00:00,96.64
2024-03-08 05:00:00,105.26
2024-03-08 06:00:00,115.84
2024-03-08 07:00:00,128.01
2024-03-08 08:00:00,310.97
2024-03-08 09:00:00,532.82
2024-03-08 10:00:00,520.94
2024-03-08 11:00:00,311.03
2024-03-08 12:00:00,178.42
2024-03-08 13:00:00,355.18
2024-03-08 14:00:00,310.86
2024-03-08 15:00:00,454.77
2024-03-08 16:00:00,832.24
2024-03-08 17:00:00,502.06
2024-03-08 18:00:00,310.96
2024-03-08 19:00:00,355.19
2024-03-08 20:00:00,311.06
2024-03-08 21:00:00,244.7
2024-03-08 22:00:00,135.31
2024-03-08 23:00:00,124.58
2024-03-09 00:00:00,127.52
2024-03-09 01:00:00,112.58
2024-03-09 02:00:00,102.78
2024-03-09 03:00:00,97.46
2024-03-09 04:00:00,97.13
2024-03-09 05:00:00,97.46
2024-03-09 06:00:00,102.57
2024-03-09 07:00:00,106.29
2024-03-09 08:00:00,156.0
2024-03-09 09:00:00,157.93
2024-03-09 10:00:00,151.85
2024-03-09 11:00:00,114.99
2024-03-09 12:00:00,93.52
2024-03-09 13:00:00,93.44
2024-03-09 14:00:00,102.58
2024-03-09 15:00:00,123.77
2024-03-09 16:00:00,123.46
2024-03-09 17:00:00,127.65
2024-03-09 18:00:00,156.9
2024-03-09 19:00:00,161.28
2024-03-09 20:00:00,274.48
2024-03-09 21:00:00,159.47
2024-03-09 22:00:00,156.56
2024-03-09 23:00:00,155.51
2024-03-10 00:00:00,122.74
2024-03-10 01:00:00,103.67
2024-03-10 02:00:00,98.2
2024-03-10 03:00:00,96.35
2024-03-10 04:00:00,93.19
2024-03-10 05:00:00,94.78
2024-03-10 06:00:00,95.04
2024-03-10 07:00:00,95.05
2024-03-10 08:00:00,116.64
2024-03-10 09:00:00,116.66
2024-03-10 10:00:00,116.16
2024-03-10 11:00:00,99.24
2024-03-10 12:00:00,99.55
2024-03-10 13:00:00,93.41
2024-03-10 14:00:00,101.23
2024-03-10 15:00:00,112.2
2024-03-10 16:00:00,121.24
2024-03-10 17:00:00,123.8
2024-03-10 18:00:00,127.7
2024-03-10 19:00:00,155.53
2024-03-10 20:00:00,155.19
2024-03-10 21:00:00,154.81
2024-03-10 22:00:00,125.69
2024-03-10 23:00:00,116.7
2024-03-11 00:00:00,102.44
2024-03-11 01:00:00,85.2
2024-03-11 02:00:00,84.06
2024-03-11 03:00:00,97.34
2024-03-11 04:00:00,84.79
2024-03-11 05:00:00,90.74
2024-03-11 06:00:00,97.36
2024-03-11 07:00:00,119.63
2024-03-11 08:00:00,224.64
2024-03-11 09:00:00,386.73
2024-03-11 10:00:00,178.33
2024-03-11 11:00:00,127.97
2024-03-11 12:00:00,102.56
2024-03-11 13:00:00,104.03
2024-03-11 14:00:00,120.01
2024-03-11 15:00:00,125.71
2024-03-11 16:00:00,167.43
2024-03-11 17:00:00,402.03
2024-03-11 18:00:00,348.66
2024-03-11 19:00:00,402.19
2024-03-11 20:00:00,402.0
2024-03-11 21:00:00,261.93
2024-03-11 22:00:00,157.98
2024-03-11 23:00:00,127.6
2024-03-12 00:00:00,124.62
2024-03-12 01:00:00,114.91
2024-03-12 02:00:00,104.44
2024-03-12 03:00:00,103.7
2024-03-12 04:00:00,97.86
2024-03-12 05:00:00,104.42
2024-03-12 06:00:00,120.69
2024-03-12 07:00:00,125.81
2024-03-12 08:00:00,385.72
2024-03-12 09:00:00,521.63
2024-03-12 10:00:00,238.01
2024-03-12 11:00:00,321.36
2024-03-12 12:00:00,127.76
2024-03-12 13:00:00,127.73
2024-03-12 14:00:00,127.93
2024-03-12 15:00:00,127.82
2024-03-12 16:00:00,172.65
2024-03-12 17:00:00,402.11
2024-03-12 18:00:00,304.4
2024-03-12 19:00:00,521.6
2024-03-12 20:00:00,446.3
2024-03-12 21:00:00,350.7
2024-03-12 22:00:00,158.42
2024-03-12 23:00:00,127.62
2024-03-13 00:00:00,127.55
2024-03-13 01:00:00,120.98
2024-03-13 02:00:00,107.95
2024-03-13 03:00:00,102.52
2024-03-13 04:00:00,95.3
2024-03-13 05:00:00,104.29
2024-03-13 06:00:00,113.17
2024-03-13 07:00:00,124.59
2024-03-13 08:00:00,442.09
2024-03-13 09:00:00,466.76
2024-03-13 10:00:00,188.37
2024-03-13 11:00:00,127.7
2024-03-13 12:00:00,122.28
2024-03-13 13:00:00,124.79
2024-03-13 14:00:00,127.77
2024-03-13 15:00:00,127.69
2024-03-13 16:00:00,193.02
2024-03-13 17:00:00,452.77
2024-03-13 18:00:00,298.66
2024-03-13 19:00:00,552.02
2024-03-13 20:00:00,522.07
2024-03-13 21:00:00,520.35
2024-03-13 22:00:00,172.45
2024-03-13 23:00:00,131.1
2024-03-14 00:00:00,124.6
2024-03-14 01:00:00,122.33
2024-03-14 02:00:00,106.56
2024-03-14 03:00:00,105.23
2024-03-14 04:00:00,97.29
2024-03-14 05:00:00,106.54
2024-03-14 06:00:00,112.13
2024-03-14 07:00:00,125.5
2024-03-14 08:00:00,442.14
2024-03-14 09:00:00,520.61
2024-03-14 10:00:00,465.09
2024-03-14 11:00:00,165.56
2024-03-14 12:00:00,125.68
2024-03-14 13:00:00,129.72
2024-03-14 14:00:00,125.72
2024-03-14 15:00:00,165.24
2024-03-14 16:00:00,520.38
2024-03-14 17:00:00,470.43
2024-03-14 18:00:00,482.21
2024-03-14 19:00:00,520.73
2024-03-14 20:00:00,415.45
2024-03-14 21:00:00,482.41
2024-03-14 22:00:00,158.29
2024-03-14 23:00:00,129.64
2024-03-15 00:00:00,125.86
2024-03-15 01:00:00,115.14
2024-03-15 02:00:00,104.29
2024-03-15 03:00:00,102.53
2024-03-15 04:00:00,94.65
2024-03-15 05:00:00,100.99
2024-03-15 06:00:00,114.62
2024-03-15 07:00:00,124.56
2024-03-15 08:00:00,431.44
2024-03-15 09:00:00,456.63
2024-03-15 10:00:00,376.04
2024-03-15 11:00:00,165.93
2024-03-15 12:00:00,125.74
2024-03-15 13:00:00,164.8
2024-03-15 14:00:00,166.22
2024-03-15 15:00:00,253.55
2024-03-15 16:00:00,456.76
2024-03-15 17:00:00,474.41
2024-03-15 18:00:00,216.98
2024-03-15 19:00:00,342.82
2024-03-15 20:00:00,163.06
2024-03-15 21:00:00,161.83
2024-03-15 22:00:00,125.82
2024-03-15 23:00:00,120.47
2024-03-16 00:00:00,104.4
2024-03-16 01:00:00,106.16
2024-03-16 02:00:00,103.4
2024-03-16 03:00:00,98.42
2024-03-16 04:00:00,97.08
2024-03-16 05:00:00,102.54
2024-03-16 06:00:00,102.53
2024-03-16 07:00:00,122.66
2024-03-16 08:00:00,156.23
2024-03-16 09:00:00,147.59
2024-03-16 10:00:00,125.82
2024-03-16 11:00:00,102.03
2024-03-16 12:00:00,92.99
2024-03-16 13:00:00,93.98
2024-03-16 14:00:00,99.59
2024-03-16 15:00:00,105.82
2024-03-16 16:00:00,102.56
2024-03-16 17:00:00,123.49
2024-03-16 18:00:00,151.19
2024-03-16 19:00:00,172.08
2024-03-16 20:00:00,154.71
2024-03-16 21:00:00,154.41
2024-03-16 22:00:00,204.52
2024-03-16 23:00:00,131.87
2024-03-17 00:00:00,155.7
2024-03-17 01:00:00,124.83
2024-03-17 02:00:00,120.77
2024-03-17 03:00:00,107.23
2024-03-17 04:00:00,104.28
2024-03-17 05:00:00,104.28
2024-03-17 06:00:00,104.28
2024-03-17 07:00:00,104.28
2024-03-17 08:00:00,106.21
2024-03-17 09:00:00,97.82
2024-03-17 10:00:00,91.78
2024-03-17 11:00:00,87.65
2024-03-17 12:00:00,90.36
2024-03-17 13:00:00,91.97
2024-03-17 14:00:00,92.44
2024-03-17 15:00:00,102.64
2024-03-17 16:00:00,104.35
2024-03-17 17:00:00,156.9
2024-03-17 18:00:00,157.67
2024-03-17 19:00:00,173.63
2024-03-17 20:00:00,249.41
2024-03-17 21:00:00,259.56
2024-03-17 22:00:00,158.2
2024-03-17 23:00:00,157.12
2024-03-18 00:00:00,129.55
2024-03-18 01:00:00,123.44
2024-03-18 02:00:00,121.29
2024-03-18 03:00:00,109.11
2024-03-18 04:00:00,86.88
2024-03-18 05:00:00,96.9
2024-03-18 06:00:00,107.96
2024-03-18 07:00:00,125.59
2024-03-18 08:00:00,201.36
2024-03-18 09:00:00,202.76
2024-03-18 10:00:00,159.5
2024-03-18 11:00:00,114.74
2024-03-18 12:00:00,107.47
2024-03-18 13:00:00,99.68
2024-03-18 14:00:00,103.49
2024-03-18 15:00:00,123.68
2024-03-18 16:00:00,129.95
2024-03-18 17:00:00,203.57
2024-03-18 18:00:00,202.87
2024-03-18 19:00:00,309.11
2024-03-18 20:00:00,304.1
2024-03-18 21:00:00,256.57
2024-03-18 22:00:00,275.23
2024-03-18 23:00:00,157.48
2024-03-19 00:00:00,157.45
2024-03-19 01:00:00,126.16
2024-03-19 02:00:00,123.66
2024-03-19 03:00:00,122.86
2024-03-19 04:00:00,116.81
2024-03-19 05:00:00,123.03
2024-03-19 06:00:00,125.74
2024-03-19 07:00:00,161.13
2024-03-19 08:00:00,519.91
2024-03-19 09:00:00,540.38
2024-03-19 10:00:00,449.48
2024-03-19 11:00:00,159.01
2024-03-19 12:00:00,131.8
2024-03-19 13:00:00,157.44
2024-03-19 14:00:00,136.25
2024-03-19 15:00:00,173.92
2024-03-19 16:00:00,520.29
2024-03-19 17:00:00,613.05
2024-03-19 18:00:00,360.75
2024-03-19 19:00:00,485.57
2024-03-19 20:00:00,444.17
2024-03-19 21:00:00,253.42
2024-03-19 22:00:00,186.61
2024-03-19 23:00:00,156.56
2024-03-20 00:00:00,304.48
2024-03-20 01:00:00,122.41
2024-03-20 02:00:00,116.94
2024-03-20 03:00:00,114.64
2024-03-20 04:00:00,112.06
2024-03-20 05:00:00,116.88
2024-03-20 06:00:00,118.78
2024-03-20 07:00:00,158.48
2024-03-20 08:00:00,441.02
2024-03-20 09:00:00,497.54
2024-03-20 10:00:00,406.48
2024-03-20 11:00:00,168.53
2024-03-20 12:00:00,408.41
2024-03-20 13:00:00,487.16
2024-03-20 14:00:00,520.08
2024-03-20 15:00:00,331.76
2024-03-20 16:00:00,432.14
2024-03-20 17:00:00,240.47
2024-03-20 18:00:00,270.63
2024-03-20 19:00:00,475.17
2024-03-20 20:00:00,520.1
2024-03-20 21:00:00,360.74
2024-03-20 22:00:00,200.37
2024-03-20 23:00:00,157.91
2024-03-21 00:00:00,142.13
2024-03-21 01:00:00,125.79
2024-03-21 02:00:00,123.71
2024-03-21 03:00:00,122.5
2024-03-21 04:00:00,121.36
2024-03-21 05:00:00,123.72
2024-03-21 06:00:00,125.84
2024-03-21 07:00:00,206.43
2024-03-21 08:00:00,519.36
2024-03-21 09:00:00,766.82
2024-03-21 10:00:00,829.55
2024-03-21 11:00:00,444.78
2024-03-21 12:00:00,167.61
2024-03-21 13:00:00,315.67
2024-03-21 14:00:00,328.12
2024-03-21 15:00:00,470.41
2024-03-21 16:00:00,501.58
2024-03-21 17:00:00,548.13
2024-03-21 18:00:00,370.4
2024-03-21 19:00:00,328.37
2024-03-21 20:00:00,355.09
2024-03-21 21:00:00,360.53
2024-03-21 22:00:00,247.06
2024-03-21 23:00:00,125.81
2024-03-22 00:00:00,132.61
2024-03-22 01:00:00,113.06
2024-03-22 02:00:00,106.98
2024-03-22 03:00:00,100.61
2024-03-22 04:00:00,96.16
2024-03-22 05:00:00,106.97
2024-03-22 06:00:00,113.15
2024-03-22 07:00:00,140.69
2024-03-22 08:00:00,306.75
2024-03-22 09:00:00,317.97
2024-03-22 10:00:00,304.53
2024-03-22 11:00:00,172.61
2024-03-22 12:00:00,166.96
2024-03-22 13:00:00,167.39
2024-03-22 14:00:00,224.31
2024-03-22 15:00:00,304.69
2024-03-22 16:00:00,317.79
2024-03-22 17:00:00,378.79
2024-03-22 18:00:00,365.47
2024-03-22 19:00:00,406.66
2024-03-22 20:00:00,457.17
2024-03-22 21:00:00,318.25
2024-03-22 22:00:00,159.22
2024-03-22 23:00:00,120.57
2024-03-23 00:00:00,115.15
2024-03-23 01:00:00,125.77
2024-03-23 02:00:00,111.98
2024-03-23 03:00:00,103.6
2024-03-23 04:00:00,103.6
2024-03-23 05:00:00,111.99
2024-03-23 06:00:00,119.74
2024-03-23 07:00:00,129.75
2024-03-23 08:00:00,142.66
2024-03-23 09:00:00,148.92
2024-03-23 10:00:00,132.8
2024-03-23 11:00:00,122.7
2024-03-23 12:00:00,116.67
2024-03-23 13:00:00,103.62
2024-03-23 14:00:00,116.63
2024-03-23 15:00:00,111.72
2024-03-23 16:00:00,125.69
2024-03-23 17:00:00,150.98
2024-03-23 18:00:00,161.24
2024-03-23 19:00:00,253.71
2024-03-23 20:00:00,274.44
2024-03-23 21:00:00,212.87
2024-03-23 22:00:00,158.36
2024-03-23 23:00:00,156.45
2024-03-24 00:00:00,137.88
2024-03-24 01:00:00,125.76
2024-03-24 02:00:00,119.35
2024-03-24 03:00:00,111.7
2024-03-24 04:00:00,105.86
2024-03-24 05:00:00,110.26
2024-03-24 06:00:00,113.76
2024-03-24 07:00:00,121.24
2024-03-24 08:00:00,121.76
2024-03-24 09:00:00,114.35
2024-03-24 10:00:00,96.61
2024-03-24 11:00:00,92.19
2024-03-24 12:00:00,90.2
2024-03-24 13:00:00,92.31
2024-03-24 14:00:00,95.34
2024-03-24 15:00:00,100.74
2024-03-24 16:00:00,122.8
2024-03-24 17:00:00,151.96
2024-03-24 18:00:00,181.55
2024-03-24 19:00:00,304.49
2024-03-24 20:00:00,318.19
2024-03-24 21:00:00,317.44
2024-03-24 22:00:00,181.0
2024-03-24 23:00:00,157.99
2024-03-25 00:00:00,236.97
2024-03-25 01:00:00,131.68
2024-03-25 02:00:00,125.76
2024-03-25 03:00:00,125.7
2024-03-25 04:00:00,122.7
2024-03-25 05:00:00,125.76
2024-03-25 06:00:00,133.81
2024-03-25 07:00:00,202.14
2024-03-25 08:00:00,411.67
2024-03-25 09:00:00,457.31
2024-03-25 10:00:00,450.0
2024-03-25 11:00:00,304.52
2024-03-25 12:00:00,209.88
2024-03-25 13:00:00,317.75
2024-03-25 14:00:00,318.14
2024-03-25 15:00:00,444.86
2024-03-25 16:00:00,457.16
2024-03-25 17:00:00,457.17
2024-03-25 18:00:00,457.0
2024-03-25 19:00:00,700.26
2024-03-25 20:00:00,694.0
2024-03-25 21:00:00,471.48
2024-03-25 22:00:00,360.47
2024-03-25 23:00:00,200.31
2024-03-26 00:00:00,271.73
2024-03-26 01:00:00,189.21
2024-03-26 02:00:00,172.3
2024-03-26 03:00:00,151.37
2024-03-26 04:00:00,132.8
2024-03-26 05:00:00,151.88
2024-03-26 06:00:00,186.42
2024-03-26 07:00:00,172.5
2024-03-26 08:00:00,406.29
2024-03-26 09:00:00,339.95
2024-03-26 10:00:00,290.8
2024-03-26 11:00:00,290.61
2024-03-26 12:00:00,160.07
2024-03-26 13:00:00,150.01
2024-03-26 14:00:00,149.99
2024-03-26 15:00:00,190.71
2024-03-26 16:00:00,290.92
2024-03-26 17:00:00,385.84
2024-03-26 18:00:00,451.05
2024-03-26 19:00:00,457.87
2024-03-26 20:00:00,457.79
2024-03-26 21:00:00,407.33
2024-03-26 22:00:00,275.18
2024-03-26 23:00:00,192.2
2024-03-27 00:00:00,303.19
2024-03-27 01:00:00,302.74
2024-03-27 02:00:00,208.29
2024-03-27 03:00:00,133.81
2024-03-27 04:00:00,129.81
2024-03-27 05:00:00,141.0
2024-03-27 06:00:00,253.75
2024-03-27 07:00:00,172.37
2024-03-27 08:00:00,601.32
2024-03-27 09:00:00,576.94
2024-03-27 10:00:00,457.37
2024-03-27 11:00:00,325.04
2024-03-27 12:00:00,219.72
2024-03-27 13:00:00,325.01
2024-03-27 14:00:00,325.31
2024-03-27 15:00:00,457.74
2024-03-27 16:00:00,426.29
2024-03-27 17:00:00,4500.0
2024-03-27 18:00:00,3193.7
2024-03-27 19:00:00,556.02
2024-03-27 20:00:00,556.02
2024-03-27 21:00:00,556.02
2024-03-27 22:00:00,556.02
2024-03-27 23:00:00,553.89
2024-03-28 00:00:00,556.02
2024-03-28 01:00:00,172.36
2024-03-28 02:00:00,150.78
2024-03-28 03:00:00,134.31
2024-03-28 04:00:00,129.82
2024-03-28 05:00:00,139.89
2024-03-28 06:00:00,160.11
2024-03-28 07:00:00,333.82
2024-03-28 08:00:00,544.59
2024-03-28 09:00:00,407.12
2024-03-28 10:00:00,383.14
2024-03-28 11:00:00,348.21
2024-03-28 12:00:00,324.74
2024-03-28 13:00:00,556.02
2024-03-28 14:00:00,457.31
2024-03-28 15:00:00,400.89
2024-03-28 16:00:00,457.52
2024-03-28 17:00:00,400.85
2024-03-28 18:00:00,450.96
2024-03-28 19:00:00,381.16
2024-03-28 20:00:00,390.61
2024-03-28 21:00:00,348.46
2024-03-28 22:00:00,274.35
2024-03-28 23:00:00,323.1
2024-03-29 00:00:00,131.66
2024-03-29 01:00:00,202.69
2024-03-29 02:00:00,122.85
2024-03-29 03:00:00,118.64
2024-03-29 04:00:00,125.67
2024-03-29 05:00:00,119.73
2024-03-29 06:00:00,123.94
2024-03-29 07:00:00,129.74
2024-03-29 08:00:00,131.64
2024-03-29 09:00:00,151.01
2024-03-29 10:00:00,106.5
2024-03-29 11:00:00,98.51
2024-03-29 12:00:00,100.94
2024-03-29 13:00:00,94.22
2024-03-29 14:00:00,92.79
2024-03-29 15:00:00,91.85
2024-03-29 16:00:00,100.92
2024-03-29 17:00:00,125.77
2024-03-29 18:00:00,158.57
2024-03-29 19:00:00,348.19
2024-03-29 20:00:00,322.16
2024-03-29 21:00:00,321.68
2024-03-29 22:00:00,159.38
2024-03-29 23:00:00,159.77
2024-03-30 00:00:00,160.03
2024-03-30 01:00:00,133.78
2024-03-30 02:00:00,125.74
2024-03-30 03:00:00,125.65
2024-03-30 04:00:00,125.65
2024-03-30 05:00:00,125.66
2024-03-30 06:00:00,129.81
2024-03-30 07:00:00,156.02
2024-03-30 08:00:00,160.02
2024-03-30 09:00:00,158.75
2024-03-30 10:00:00,158.19
2024-03-30 11:00:00,158.28
2024-03-30 12:00:00,131.73
2024-03-30 13:00:00,125.68
2024-03-30 14:00:00,116.66
2024-03-30 15:00:00,125.78
2024-03-30 16:00:00,159.15
2024-03-30 17:00:00,159.48
2024-03-30 18:00:00,260.69
2024-03-30 19:00:00,253.76
2024-03-30 20:00:00,323.19
2024-03-30 21:00:00,348.39
2024-03-30 22:00:00,210.34
2024-03-30 23:00:00,187.58
2024-03-31 00:00:00,151.08
2024-03-31 01:00:00,131.03
2024-03-31 02:00:00,125.74
2024-03-31 03:00:00,121.97
2024-03-31 04:00:00,121.97
2024-03-31 05:00:00,122.84
2024-03-31 06:00:00,125.66
2024-03-31 07:00:00,125.92
2024-03-31 08:00:00,126.47
2024-03-31 09:00:00,116.77
2024-03-31 10:00:00,114.29
2024-03-31 11:00:00,103.58
2024-03-31 12:00:00,96.97
2024-03-31 13:00:00,129.78
2024-03-31 14:00:00,124.46
2024-03-31 15:00:00,151.85
2024-03-31 16:00:00,138.15
2024-03-31 17:00:00,137.9
2024-03-31 18:00:00,153.99
2024-03-31 19:00:00,348.16
2024-03-31 20:00:00,348.56
2024-03-31 21:00:00,350.13
2024-03-31 22:00:00,226.3
2024-03-31 23:00:00,212.64
2024-04-01 00:00:00,199.57
2024-04-01 01:00:00,136.1
2024-04-01 02:00:00,123.6
2024-04-01 03:00:00,113.67
2024-04-01 04:00:00,113.66
2024-04-01 05:00:00,120.83
2024-04-01 06:00:00,133.32
2024-04-01 07:00:00,203.57
2024-04-01 08:00:00,593.5
2024-04-01 09:00:00,601.76
2024-04-01 10:00:00,669.39
2024-04-01 11:00:00,546.57
2024-04-01 12:00:00,599.45
2024-04-01 13:00:00,953.02
2024-04-01 14:00:00,1153.34
2024-04-01 15:00:00,2006.08
2024-04-01 16:00:00,3105.44
2024-04-01 17:00:00,1003.13
2024-04-01 18:00:00,546.6
2024-04-01 19:00:00,564.6
2024-04-01 20:00:00,543.06
2024-04-01 21:00:00,564.6
2024-04-01 22:00:00,457.49
2024-04-01 23:00:00,201.99
2024-04-02 00:00:00,136.46
2024-04-02 01:00:00,132.78
2024-04-02 02:00:00,129.73
2024-04-02 03:00:00,121.71
2024-04-02 04:00:00,123.82
2024-04-02 05:00:00,129.73
2024-04-02 06:00:00,171.93
2024-04-02 07:00:00,305.86
2024-04-02 08:00:00,564.54
2024-04-02 09:00:00,564.6
2024-04-02 10:00:00,547.66
2024-04-02 11:00:00,562.87
2024-04-02 12:00:00,360.34
2024-04-02 13:00:00,325.18
2024-04-02 14:00:00,457.7
2024-04-02 15:00:00,447.85
2024-04-02 16:00:00,532.92
2024-04-02 17:00:00,457.66
2024-04-02 18:00:00,678.67
2024-04-02 19:00:00,878.97
2024-04-02 20:00:00,3074.55
2024-04-02 21:00:00,660.39
2024-04-02 22:00:00,601.66
2024-04-02 23:00:00,325.04
2024-04-03 00:00:00,310.42
2024-04-03 01:00:00,135.96
2024-04-03 02:00:00,133.16
2024-04-03 03:00:00,129.74
2024-04-03 04:00:00,132.78
2024-04-03 05:00:00,144.61
2024-04-03 06:00:00,324.66
2024-04-03 07:00:00,401.33
2024-04-03 08:00:00,564.6
2024-04-03 09:00:00,531.11
2024-04-03 10:00:00,531.08
2024-04-03 11:00:00,385.95
2024-04-03 12:00:00,384.71
2024-04-03 13:00:00,564.6
2024-04-03 14:00:00,448.59
2024-04-03 15:00:00,530.93
2024-04-03 16:00:00,564.6
2024-04-03 17:00:00,450.02
2024-04-03 18:00:00,525.85
2024-04-03 19:00:00,531.34
2024-04-03 20:00:00,564.56
2024-04-03 21:00:00,564.56
2024-04-03 22:00:00,381.97
2024-04-03 23:00:00,325.0
2024-04-04 00:00:00,292.94
2024-04-04 01:00:00,141.22
2024-04-04 02:00:00,129.75
2024-04-04 03:00:00,122.14
2024-04-04 04:00:00,126.75
2024-04-04 05:00:00,129.73
2024-04-04 06:00:00,154.51
2024-04-04 07:00:00,277.97
2024-04-04 08:00:00,503.77
2024-04-04 09:00:00,523.14
2024-04-04 10:00:00,399.71
2024-04-04 11:00:00,472.51
2024-04-04 12:00:00,384.69
2024-04-04 13:00:00,465.69
2024-04-04 14:00:00,523.29
2024-04-04 15:00:00,1132.01
2024-04-04 16:00:00,3320.28
2024-04-04 17:00:00,534.69
2024-04-04 18:00:00,523.21
2024-04-04 19:00:00,564.6
2024-04-04 20:00:00,564.6
2024-04-04 21:00:00,523.33
2024-04-04 22:00:00,384.57
2024-04-04 23:00:00,325.0
2024-04-05 00:00:00,166.81
2024-04-05 01:00:00,130.86
2024-04-05 02:00:00,117.07
2024-04-05 03:00:00,111.45
2024-04-05 04:00:00,111.68
2024-04-05 05:00:00,112.03
2024-04-05 06:00:00,129.77
2024-04-05 07:00:00,296.62
2024-04-05 08:00:00,490.4
2024-04-05 09:00:00,490.42
2024-04-05 10:00:00,490.54
2024-04-05 11:00:00,402.65
2024-04-05 12:00:00,324.9
2024-04-05 13:00:00,325.01
2024-04-05 14:00:00,325.09
2024-04-05 15:00:00,490.43
2024-04-05 16:00:00,385.34
2024-04-05 17:00:00,385.91
2024-04-05 18:00:00,490.55
2024-04-05 19:00:00,490.63
2024-04-05 20:00:00,490.8
2024-04-05 21:00:00,485.85
2024-04-05 22:00:00,325.11
2024-04-05 23:00:00,490.76
2024-04-06 00:00:00,230.34
2024-04-06 01:00:00,324.96
2024-04-06 02:00:00,147.34
2024-04-06 03:00:00,132.84
2024-04-06 04:00:00,132.83
2024-04-06 05:00:00,132.84
2024-04-06 06:00:00,136.08
2024-04-06 07:00:00,201.28
2024-04-06 08:00:00,324.64
2024-04-06 09:00:00,325.01
2024-04-06 10:00:00,231.99
2024-04-06 11:00:00,231.39
2024-04-06 12:00:00,201.42
2024-04-06 13:00:00,223.22
2024-04-06 14:00:00,231.19
2024-04-06 15:00:00,230.94
2024-04-06 16:00:00,314.64
2024-04-06 17:00:00,325.04
2024-04-06 18:00:00,426.17
2024-04-06 19:00:00,633.87
2024-04-06 20:00:00,864.89
2024-04-06 21:00:00,824.34
2024-04-06 22:00:00,355.01
2024-04-06 23:00:00,323.43
2024-04-07 00:00:00,325.15
2024-04-07 01:00:00,228.45
2024-04-07 02:00:00,157.21
2024-04-07 03:00:00,132.84
2024-04-07 04:00:00,135.86
2024-04-07 05:00:00,135.81
2024-04-07 06:00:00,135.96
2024-04-07 07:00:00,135.03
2024-04-07 08:00:00,201.29
2024-04-07 09:00:00,145.92
2024-04-07 10:00:00,129.73
2024-04-07 11:00:00,114.74
2024-04-07 12:00:00,127.23
2024-04-07 13:00:00,132.77
2024-04-07 14:00:00,177.54
2024-04-07 15:00:00,229.7
2024-04-07 16:00:00,230.56
2024-04-07 17:00:00,230.08
2024-04-07 18:00:00,286.52
2024-04-07 19:00:00,412.56
2024-04-07 20:00:00,659.92
2024-04-07 21:00:00,564.31
2024-04-07 22:00:00,231.86
2024-04-07 23:00:00,229.28
2024-04-08 00:00:00,325.08
2024-04-08 01:00:00,135.83
2024-04-08 02:00:00,129.8
2024-04-08 03:00:00,113.04
2024-04-08 04:00:00,122.14
2024-04-08 05:00:00,129.8
2024-04-08 06:00:00,230.37
2024-04-08 07:00:00,233.44
2024-04-08 08:00:00,497.46
2024-04-08 09:00:00,825.7
2024-04-08 10:00:00,600.76
2024-04-08 11:00:00,490.74
2024-04-08 12:00:00,490.74
2024-04-08 13:00:00,398.62
2024-04-08 14:00:00,490.95
2024-04-08 15:00:00,3159.5
2024-04-08 16:00:00,564.6
2024-04-08 17:00:00,490.56
2024-04-08 18:00:00,564.6
2024-04-08 19:00:00,490.56
2024-04-08 20:00:00,501.69
2024-04-08 21:00:00,451.55
2024-04-08 22:00:00,378.65
2024-04-08 23:00:00,230.39
2024-04-09 00:00:00,132.81
2024-04-09 01:00:00,128.6
2024-04-09 02:00:00,122.16
2024-04-09 03:00:00,112.03
2024-04-09 04:00:00,112.07
2024-04-09 05:00:00,125.69
2024-04-09 06:00:00,132.66
2024-04-09 07:00:00,194.6
2024-04-09 08:00:00,405.75
2024-04-09 09:00:00,490.65
2024-04-09 10:00:00,488.23
2024-04-09 11:00:00,325.06
2024-04-09 12:00:00,237.59
2024-04-09 13:00:00,238.73
2024-04-09 14:00:00,325.15
2024-04-09 15:00:00,494.76
2024-04-09 16:00:00,325.29
2024-04-09 17:00:00,325.23
2024-04-09 18:00:00,376.59
2024-04-09 19:00:00,324.98
2024-04-09 20:00:00,324.86
2024-04-09 21:00:00,226.39
2024-04-09 22:00:00,231.87
2024-04-09 23:00:00,183.53
2024-04-10 00:00:00,158.6
2024-04-10 01:00:00,135.89
2024-04-10 02:00:00,131.43
2024-04-10 03:00:00,124.78
2024-04-10 04:00:00,122.13
2024-04-10 05:00:00,122.12
2024-04-10 06:00:00,124.24
2024-04-10 07:00:00,122.14
2024-04-10 08:00:00,134.0
2024-04-10 09:00:00,147.19
2024-04-10 10:00:00,135.91
2024-04-10 11:00:00,159.0
2024-04-10 12:00:00,129.77
2024-04-10 13:00:00,119.42
2024-04-10 14:00:00,102.23
2024-04-10 15:00:00,101.42
2024-04-10 16:00:00,119.13
2024-04-10 17:00:00,159.56
2024-04-10 18:00:00,159.86
2024-04-10 19:00:00,160.76
2024-04-10 20:00:00,186.96
2024-04-10 21:00:00,176.23
2024-04-10 22:00:00,154.22
2024-04-10 23:00:00,135.94
2024-04-11 00:00:00,106.77
2024-04-11 01:00:00,90.76
2024-04-11 02:00:00,90.2
2024-04-11 03:00:00,89.85
2024-04-11 04:00:00,89.24
2024-04-11 05:00:00,90.71
2024-04-11 06:00:00,98.63
2024-04-11 07:00:00,103.78
2024-04-11 08:00:00,184.52
2024-04-11 09:00:00,230.63
2024-04-11 10:00:00,200.91
2024-04-11 11:00:00,201.04
2024-04-11 12:00:00,200.48
2024-04-11 13:00:00,199.73
2024-04-11 14:00:00,138.4
2024-04-11 15:00:00,152.05
2024-04-11 16:00:00,200.63
2024-04-11 17:00:00,200.26
2024-04-11 18:00:00,201.95
2024-04-11 19:00:00,242.19
2024-04-11 20:00:00,229.54
2024-04-11 21:00:00,225.63
2024-04-11 22:00:00,185.96
2024-04-11 23:00:00,123.66
2024-04-12 00:00:00,105.43
2024-04-12 01:00:00,113.07
2024-04-12 02:00:00,107.69
2024-04-12 03:00:00,102.11
2024-04-12 04:00:00,102.6
2024-04-12 05:00:00,106.83
2024-04-12 06:00:00,113.04
2024-04-12 07:00:00,146.31
2024-04-12 08:00:00,230.22
2024-04-12 09:00:00,324.84
2024-04-12 10:00:00,324.82
2024-04-12 11:00:00,378.52
2024-04-12 12:00:00,324.77
2024-04-12 13:00:00,325.04
2024-04-12 14:00:00,325.11
2024-04-12 15:00:00,230.28
2024-04-12 16:00:00,230.06
2024-04-12 17:00:00,230.16
2024-04-12 18:00:00,229.74
2024-04-12 19:00:00,230.16
2024-04-12 20:00:00,230.4
2024-04-12 21:00:00,229.98
2024-04-12 22:00:00,151.01
2024-04-12 23:00:00,125.98
2024-04-13 00:00:00,98.39
2024-04-13 01:00:00,98.99
2024-04-13 02:00:00,98.13
2024-04-13 03:00:00,97.57
2024-04-13 04:00:00,95.5
2024-04-13 05:00:00,96.18
2024-04-13 06:00:00,97.58
2024-04-13 07:00:00,107.28
2024-04-13 08:00:00,132.51
2024-04-13 09:00:00,132.81
2024-04-13 10:00:00,118.77
2024-04-13 11:00:00,113.2
2024-04-13 12:00:00,112.1
2024-04-13 13:00:00,109.62
2024-04-13 14:00:00,132.81
2024-04-13 15:00:00,132.81
2024-04-13 16:00:00,167.96
2024-04-13 17:00:00,184.5
2024-04-13 18:00:00,231.41
2024-04-13 19:00:00,233.14
2024-04-13 20:00:00,233.82
2024-04-13 21:00:00,233.17
2024-04-13 22:00:00,185.15
2024-04-13 23:00:00,209.57
2024-04-14 00:00:00,152.85
2024-04-14 01:00:00,122.67
2024-04-14 02:00:00,113.26
2024-04-14 03:00:00,107.99
2024-04-14 04:00:00,102.85
2024-04-14 05:00:00,111.45
2024-04-14 06:00:00,113.81
2024-04-14 07:00:00,114.06
2024-04-14 08:00:00,122.96
2024-04-14 09:00:00,123.11
2024-04-14 10:00:00,128.99
2024-04-14 11:00:00,113.38
2024-04-14 12:00:00,109.69
2024-04-14 13:00:00,120.25
2024-04-14 14:00:00,141.9
2024-04-14 15:00:00,161.07
2024-04-14 16:00:00,122.67
2024-04-14 17:00:00,122.68
2024-04-14 18:00:00,168.2
2024-04-14 19:00:00,198.93
2024-04-14 20:00:00,280.34
2024-04-14 21:00:00,305.99
2024-04-14 22:00:00,198.39
2024-04-14 23:00:00,170.51
2024-04-15 00:00:00,112.04
2024-04-15 01:00:00,102.86
2024-04-15 02:00:00,108.03
2024-04-15 03:00:00,107.55
2024-04-15 04:00:00,102.84
2024-04-15 05:00:00,113.81
2024-04-15 06:00:00,122.64
2024-04-15 07:00:00,137.91
2024-04-15 08:00:00,230.17
2024-04-15 09:00:00,231.74
2024-04-15 10:00:00,232.94
2024-04-15 11:00:00,232.47
2024-04-15 12:00:00,181.8
2024-04-15 13:00:00,153.68
2024-04-15 14:00:00,174.17
2024-04-15 15:00:00,151.69
2024-04-15 16:00:00,171.45
2024-04-15 17:00:00,184.48
2024-04-15 18:00:00,184.48
2024-04-15 19:00:00,184.5
2024-04-15 20:00:00,184.94
2024-04-15 21:00:00,184.89
2024-04-15 22:00:00,180.49
2024-04-15 23:00:00,142.14
2024-04-16 00:00:00,110.7
2024-04-16 01:00:00,112.06
2024-04-16 02:00:00,107.57
2024-04-16 03:00:00,95.5
2024-04-16 04:00:00,99.79
2024-04-16 05:00:00,107.57
2024-04-16 06:00:00,123.47
2024-04-16 07:00:00,171.21
2024-04-16 08:00:00,180.94
2024-04-16 09:00:00,231.22
2024-04-16 10:00:00,231.21
2024-04-16 11:00:00,231.32
2024-04-16 12:00:00,191.01
2024-04-16 13:00:00,191.66
2024-04-16 14:00:00,191.01
2024-04-16 15:00:00,191.0
2024-04-16 16:00:00,203.28
2024-04-16 17:00:00,181.86
2024-04-16 18:00:00,168.54
2024-04-16 19:00:00,168.94
2024-04-16 20:00:00,175.86
2024-04-16 21:00:00,171.11
2024-04-16 22:00:00,145.39
2024-04-16 23:00:00,122.7
2024-04-17 00:00:00,91.57
2024-04-17 01:00:00,91.02
2024-04-17 02:00:00,86.96
2024-04-17 03:00:00,86.84
2024-04-17 04:00:00,84.72
2024-04-17 05:00:00,86.97
2024-04-17 06:00:00,95.19
2024-04-17 07:00:00,124.85
2024-04-17 08:00:00,168.78
2024-04-17 09:00:00,171.08
2024-04-17 10:00:00,168.46
2024-04-17 11:00:00,173.04
2024-04-17 12:00:00,168.6
2024-04-17 13:00:00,111.81
2024-04-17 14:00:00,113.14
2024-04-17 15:00:00,121.9
2024-04-17 16:00:00,142.16
2024-04-17 17:00:00,167.4
2024-04-17 18:00:00,167.62
2024-04-17 19:00:00,170.63
2024-04-17 20:00:00,170.65
2024-04-17 21:00:00,170.38
2024-04-17 22:00:00,168.07
2024-04-17 23:00:00,122.2
2024-04-18 00:00:00,101.81
2024-04-18 01:00:00,104.29
2024-04-18 02:00:00,95.51
2024-04-18 03:00:00,88.82
2024-04-18 04:00:00,95.49
2024-04-18 05:00:00,104.28
2024-04-18 06:00:00,111.89
2024-04-18 07:00:00,122.68
2024-04-18 08:00:00,168.45
2024-04-18 09:00:00,168.44
2024-04-18 10:00:00,231.2
2024-04-18 11:00:00,152.61
2024-04-18 12:00:00,116.83
2024-04-18 13:00:00,106.76
2024-04-18 14:00:00,122.16
2024-04-18 15:00:00,122.67
2024-04-18 16:00:00,138.06
2024-04-18 17:00:00,137.93
2024-04-18 18:00:00,168.47
2024-04-18 19:00:00,230.87
2024-04-18 20:00:00,230.81
2024-04-18 21:00:00,231.04
2024-04-18 22:00:00,142.19
2024-04-18 23:00:00,104.69
2024-04-19 00:00:00,114.1
2024-04-19 01:00:00,109.63
2024-04-19 02:00:00,104.81
2024-04-19 03:00:00,98.91
2024-04-19 04:00:00,98.91
2024-04-19 05:00:00,108.27
2024-04-19 06:00:00,122.64
2024-04-19 07:00:00,130.06
2024-04-19 08:00:00,231.22
2024-04-19 09:00:00,231.6
2024-04-19 10:00:00,231.42
2024-04-19 11:00:00,190.97
2024-04-19 12:00:00,128.81
2024-04-19 13:00:00,183.28
2024-04-19 14:00:00,191.21
2024-04-19 15:00:00,231.41
2024-04-19 16:00:00,385.23
2024-04-19 17:00:00,231.34
2024-04-19 18:00:00,231.33
2024-04-19 19:00:00,385.95
2024-04-19 20:00:00,385.21
2024-04-19 21:00:00,233.16
2024-04-19 22:00:00,148.28
2024-04-19 23:00:00,121.9
2024-04-20 00:00:00,122.66
2024-04-20 01:00:00,114.92
2024-04-20 02:00:00,111.4
2024-04-20 03:00:00,105.82
2024-04-20 04:00:00,109.62
2024-04-20 05:00:00,110.37
2024-04-20 06:00:00,111.41
2024-04-20 07:00:00,127.2
2024-04-20 08:00:00,190.64
2024-04-20 09:00:00,191.21
2024-04-20 10:00:00,177.64
2024-04-20 11:00:00,231.24
2024-04-20 12:00:00,191.24
2024-04-20 13:00:00,124.97
2024-04-20 14:00:00,112.13
2024-04-20 15:00:00,124.59
2024-04-20 16:00:00,170.39
2024-04-20 17:00:00,191.32
2024-04-20 18:00:00,190.75
2024-04-20 19:00:00,190.76
2024-04-20 20:00:00,190.59
2024-04-20 21:00:00,186.28
2024-04-20 22:00:00,168.69
2024-04-20 23:00:00,132.84
2024-04-21 00:00:00,128.84
2024-04-21 01:00:00,113.83
2024-04-21 02:00:00,104.71
2024-04-21 03:00:00,99.96
2024-04-21 04:00:00,99.66
2024-04-21 05:00:00,99.91
2024-04-21 06:00:00,108.13
2024-04-21 07:00:00,114.3
2024-04-21 08:00:00,132.8
2024-04-21 09:00:00,122.65
2024-04-21 10:00:00,122.63
2024-04-21 11:00:00,106.68
2024-04-21 12:00:00,106.68
2024-04-21 13:00:00,109.64
2024-04-21 14:00:00,102.1
2024-04-21 15:00:00,115.17
2024-04-21 16:00:00,142.34
2024-04-21 17:00:00,158.55
2024-04-21 18:00:00,182.06
2024-04-21 19:00:00,183.0
2024-04-21 20:00:00,192.34
2024-04-21 21:00:00,192.45
2024-04-21 22:00:00,181.58
2024-04-21 23:00:00,231.11
2024-04-22 00:00:00,147.67
2024-04-22 01:00:00,130.16
2024-04-22 02:00:00,113.43
2024-04-22 03:00:00,111.34
2024-04-22 04:00:00,106.35
2024-04-22 05:00:00,111.64
2024-04-22 06:00:00,132.1
2024-04-22 07:00:00,172.23
2024-04-22 08:00:00,517.84
2024-04-22 09:00:00,491.93
2024-04-22 10:00:00,1090.48
2024-04-22 11:00:00,3073.69
2024-04-22 12:00:00,230.34
2024-04-22 13:00:00,230.26
2024-04-22 14:00:00,230.17
2024-04-22 15:00:00,181.69
2024-04-22 16:00:00,3095.91
2024-04-22 17:00:00,3726.84
2024-04-22 18:00:00,564.52
2024-04-22 19:00:00,564.6
2024-04-22 20:00:00,564.6
2024-04-22 21:00:00,280.68
2024-04-22 22:00:00,230.48
2024-04-22 23:00:00,154.46
2024-04-23 00:00:00,114.96
2024-04-23 01:00:00,98.85
2024-04-23 02:00:00,99.96
2024-04-23 03:00:00,91.72
2024-04-23 04:00:00,91.72
2024-04-23 05:00:00,108.97
2024-04-23 06:00:00,116.12
2024-04-23 07:00:00,128.25
2024-04-23 08:00:00,332.36
2024-04-23 09:00:00,352.32
2024-04-23 10:00:00,281.23
2024-04-23 11:00:00,254.08
2024-04-23 12:00:00,187.72
2024-04-23 13:00:00,168.61
2024-04-23 14:00:00,230.35
2024-04-23 15:00:00,564.38
2024-04-23 16:00:00,230.27
2024-04-23 17:00:00,270.55
2024-04-23 18:00:00,281.83
2024-04-23 19:00:00,440.24
2024-04-23 20:00:00,323.72
2024-04-23 21:00:00,243.74
2024-04-23 22:00:00,159.33
2024-04-23 23:00:00,104.08
2024-04-24 00:00:00,117.01
2024-04-24 01:00:00,115.51
2024-04-24 02:00:00,111.32
2024-04-24 03:00:00,106.87
2024-04-24 04:00:00,106.88
2024-04-24 05:00:00,112.15
2024-04-24 06:00:00,122.72
2024-04-24 07:00:00,142.16
2024-04-24 08:00:00,202.8
2024-04-24 09:00:00,238.44
2024-04-24 10:00:00,218.9
2024-04-24 11:00:00,139.31
2024-04-24 12:00:00,105.13
2024-04-24 13:00:00,102.04
2024-04-24 14:00:00,138.76
2024-04-24 15:00:00,108.8
2024-04-24 16:00:00,141.94
2024-04-24 17:00:00,162.28
2024-04-24 18:00:00,183.68
2024-04-24 19:00:00,309.73
2024-04-24 20:00:00,261.69
2024-04-24 21:00:00,219.91
2024-04-24 22:00:00,182.59
2024-04-24 23:00:00,132.89
2024-04-25 00:00:00,122.72
2024-04-25 01:00:00,126.59
2024-04-25 02:00:00,121.11
2024-04-25 03:00:00,106.73
2024-04-25 04:00:00,105.47
2024-04-25 05:00:00,111.32
2024-04-25 06:00:00,132.88
2024-04-25 07:00:00,146.1
2024-04-25 08:00:00,231.62
2024-04-25 09:00:00,245.11
2024-04-25 10:00:00,211.83
2024-04-25 11:00:00,175.87
2024-04-25 12:00:00,174.1
2024-04-25 13:00:00,164.74
2024-04-25 14:00:00,153.23
2024-04-25 15:00:00,133.03
2024-04-25 16:00:00,166.5
2024-04-25 17:00:00,166.49
2024-04-25 18:00:00,183.77
2024-04-25 19:00:00,300.08
2024-04-25 20:00:00,281.88
2024-04-25 21:00:00,209.81
2024-04-25 22:00:00,176.34
2024-04-25 23:00:00,136.88
2024-04-26 00:00:00,133.08
2024-04-26 01:00:00,126.15
2024-04-26 02:00:00,114.9
2024-04-26 03:00:00,107.92
2024-04-26 04:00:00,103.24
2024-04-26 05:00:00,114.38
2024-04-26 06:00:00,123.71
2024-04-26 07:00:00,133.19
2024-04-26 08:00:00,200.45
2024-04-26 09:00:00,207.63
2024-04-26 10:00:00,186.79
2024-04-26 11:00:00,156.4
2024-04-26 12:00:00,125.96
2024-04-26 13:00:00,132.87
2024-04-26 14:00:00,183.64
2024-04-26 15:00:00,182.74
2024-04-26 16:00:00,407.8
2024-04-26 17:00:00,654.49
2024-04-26 18:00:00,255.86
2024-04-26 19:00:00,238.39
2024-04-26 20:00:00,231.56
2024-04-26 21:00:00,214.85
2024-04-26 22:00:00,145.81
2024-04-26 23:00:00,369.82
2024-04-27 00:00:00,140.35
2024-04-27 01:00:00,131.23
2024-04-27 02:00:00,122.31
2024-04-27 03:00:00,119.82
2024-04-27 04:00:00,119.19
2024-04-27 05:00:00,121.76
2024-04-27 06:00:00,122.7
2024-04-27 07:00:00,132.9
2024-04-27 08:00:00,214.54
2024-04-27 09:00:00,202.63
2024-04-27 10:00:00,183.57
2024-04-27 11:00:00,142.09
2024-04-27 12:00:00,138.05
2024-04-27 13:00:00,122.67
2024-04-27 14:00:00,130.84
2024-04-27 15:00:00,130.85
2024-04-27 16:00:00,142.1
2024-04-27 17:00:00,174.78
2024-04-27 18:00:00,214.79
2024-04-27 19:00:00,400.85
2024-04-27 20:00:00,3256.65
2024-04-27 21:00:00,3256.63
2024-04-27 22:00:00,407.12
2024-04-27 23:00:00,251.73
2024-04-28 00:00:00,208.31
2024-04-28 01:00:00,136.79
2024-04-28 02:00:00,129.91
2024-04-28 03:00:00,120.52
2024-04-28 04:00:00,112.75
2024-04-28 05:00:00,112.74
2024-04-28 06:00:00,112.73
2024-04-28 07:00:00,126.44
2024-04-28 08:00:00,126.96
2024-04-28 09:00:00,120.49
2024-04-28 10:00:00,119.0
2024-04-28 11:00:00,108.9
2024-04-28 12:00:00,101.01
2024-04-28 13:00:00,90.28
2024-04-28 14:00:00,95.71
2024-04-28 15:00:00,108.89
2024-04-28 16:00:00,170.09
2024-04-28 17:00:00,132.84
2024-04-28 18:00:00,183.74
2024-04-28 19:00:00,328.51
2024-04-28 20:00:00,409.5
2024-04-28 21:00:00,322.26
2024-04-28 22:00:00,213.41
2024-04-28 23:00:00,228.73
2024-04-29 00:00:00,244.87
2024-04-29 01:00:00,131.29
2024-04-29 02:00:00,122.76
2024-04-29 03:00:00,114.75
2024-04-29 04:00:00,112.69
2024-04-29 05:00:00,125.74
2024-04-29 06:00:00,132.8
2024-04-29 07:00:00,190.3
2024-04-29 08:00:00,303.19
2024-04-29 09:00:00,300.62
2024-04-29 10:00:00,262.15
2024-04-29 11:00:00,237.94
2024-04-29 12:00:00,182.65
2024-04-29 13:00:00,221.26
2024-04-29 14:00:00,234.76
2024-04-29 15:00:00,235.56
2024-04-29 16:00:00,3073.26
2024-04-29 17:00:00,1007.14
2024-04-29 18:00:00,3095.97
2024-04-29 19:00:00,3095.72
2024-04-29 20:00:00,564.6
2024-04-29 21:00:00,564.36
2024-04-29 22:00:00,347.55
2024-04-29 23:00:00,230.05
2024-04-30 00:00:00,229.11
2024-04-30 01:00:00,153.69
2024-04-30 02:00:00,113.09
2024-04-30 03:00:00,132.08
2024-04-30 04:00:00,130.46
2024-04-30 05:00:00,132.08
2024-04-30 06:00:00,229.27
2024-04-30 07:00:00,231.46
2024-04-30 08:00:00,445.75
2024-04-30 09:00:00,300.34
2024-04-30 10:00:00,246.83
2024-04-30 11:00:00,205.18
2024-04-30 12:00:00,183.77
2024-04-30 13:00:00,203.04
2024-04-30 14:00:00,205.12
2024-04-30 15:00:00,257.55
2024-04-30 16:00:00,292.87
2024-04-30 17:00:00,313.95
2024-04-30 18:00:00,504.14
2024-04-30 19:00:00,564.6
2024-04-30 20:00:00,504.24
2024-04-30 21:00:00,369.61
2024-04-30 22:00:00,216.8
2024-04-30 23:00:00,183.86
2024-05-01 00:00:00,182.92
2024-05-01 01:00:00,238.0
2024-05-01 02:00:00,183.65
2024-05-01 03:00:00,155.61
2024-05-01 04:00:00,137.55
2024-05-01 05:00:00,137.27
2024-05-01 06:00:00,183.39
2024-05-01 07:00:00,149.68
2024-05-01 08:00:00,235.14
2024-05-01 09:00:00,211.77
2024-05-01 10:00:00,183.55
2024-05-01 11:00:00,175.34
2024-05-01 12:00:00,132.18
2024-05-01 13:00:00,183.76
2024-05-01 14:00:00,183.47
2024-05-01 15:00:00,135.98
2024-05-01 16:00:00,188.83
2024-05-01 17:00:00,262.12
2024-05-01 18:00:00,281.88
2024-05-01 19:00:00,558.85
2024-05-01 20:00:00,567.03
2024-05-01 21:00:00,542.98
2024-05-01 22:00:00,339.45
2024-05-01 23:00:00,201.84
2024-05-02 00:00:00,290.07
2024-05-02 01:00:00,132.27
2024-05-02 02:00:00,121.93
2024-05-02 03:00:00,114.45
2024-05-02 04:00:00,112.42
2024-05-02 05:00:00,113.19
2024-05-02 06:00:00,126.44
2024-05-02 07:00:00,183.54
2024-05-02 08:00:00,362.2
2024-05-02 09:00:00,251.43
2024-05-02 10:00:00,238.6
2024-05-02 11:00:00,238.19
2024-05-02 12:00:00,237.96
2024-05-02 13:00:00,247.61
2024-05-02 14:00:00,413.74
2024-05-02 15:00:00,3096.54
2024-05-02 16:00:00,1460.27
2024-05-02 17:00:00,611.21
2024-05-02 18:00:00,246.77
2024-05-02 19:00:00,694.03
2024-05-02 20:00:00,695.82
2024-05-02 21:00:00,306.15
2024-05-02 22:00:00,237.94
2024-05-02 23:00:00,236.27
2024-05-03 00:00:00,132.11
2024-05-03 01:00:00,130.08
2024-05-03 02:00:00,121.96
2024-05-03 03:00:00,116.72
2024-05-03 04:00:00,116.75
2024-05-03 05:00:00,122.02
2024-05-03 06:00:00,169.55
2024-05-03 07:00:00,207.47
2024-05-03 08:00:00,245.46
2024-05-03 09:00:00,249.16
2024-05-03 10:00:00,183.94
2024-05-03 11:00:00,182.97
2024-05-03 12:00:00,183.4
2024-05-03 13:00:00,182.87
2024-05-03 14:00:00,332.14
2024-05-03 15:00:00,411.11
2024-05-03 16:00:00,3098.82
2024-05-03 17:00:00,502.16
2024-05-03 18:00:00,243.04
2024-05-03 19:00:00,242.21
2024-05-03 20:00:00,241.38
2024-05-03 21:00:00,239.73
2024-05-03 22:00:00,202.99
2024-05-03 23:00:00,184.92
2024-05-04 00:00:00,103.81
2024-05-04 01:00:00,116.6
2024-05-04 02:00:00,125.85
2024-05-04 03:00:00,111.54
2024-05-04 04:00:00,109.52
2024-05-04 05:00:00,109.53
2024-05-04 06:00:00,116.1
2024-05-04 07:00:00,141.95
2024-05-04 08:00:00,183.74
2024-05-04 09:00:00,192.5
2024-05-04 10:00:00,237.45
2024-05-04 11:00:00,201.2
2024-05-04 12:00:00,186.88
2024-05-04 13:00:00,180.12
2024-05-04 14:00:00,141.92
2024-05-04 15:00:00,119.03
2024-05-04 16:00:00,105.98
2024-05-04 17:00:00,109.05
2024-05-04 18:00:00,119.02
2024-05-04 19:00:00,143.51
2024-05-04 20:00:00,145.55
2024-05-04 21:00:00,143.58
2024-05-04 22:00:00,129.68
2024-05-04 23:00:00,111.87
2024-05-05 00:00:00,114.19
2024-05-05 01:00:00,111.99
2024-05-05 02:00:00,102.47
2024-05-05 03:00:00,101.63
2024-05-05 04:00:00,101.58
2024-05-05 05:00:00,101.58
2024-05-05 06:00:00,101.55
2024-05-05 07:00:00,107.08
2024-05-05 08:00:00,119.77
2024-05-05 09:00:00,113.75
2024-05-05 10:00:00,111.86
2024-05-05 11:00:00,108.19
2024-05-05 12:00:00,108.62
2024-05-05 13:00:00,107.43
2024-05-05 14:00:00,105.94
2024-05-05 15:00:00,105.39
2024-05-05 16:00:00,139.14
2024-05-05 17:00:00,183.56
2024-05-05 18:00:00,183.82
2024-05-05 19:00:00,235.19
2024-05-05 20:00:00,219.81
2024-05-05 21:00:00,237.27
2024-05-05 22:00:00,183.41
2024-05-05 23:00:00,107.27
2024-05-06 00:00:00,107.27
2024-05-06 01:00:00,96.0
2024-05-06 02:00:00,95.48
2024-05-06 03:00:00,93.23
2024-05-06 04:00:00,92.71
2024-05-06 05:00:00,97.23
2024-05-06 06:00:00,101.41
2024-05-06 07:00:00,105.9
2024-05-06 08:00:00,183.73
2024-05-06 09:00:00,183.89
2024-05-06 10:00:00,183.5
2024-05-06 11:00:00,115.74
2024-05-06 12:00:00,106.64
2024-05-06 13:00:00,162.55
2024-05-06 14:00:00,106.87
2024-05-06 15:00:00,175.75
2024-05-06 16:00:00,183.41
2024-05-06 17:00:00,204.56
2024-05-06 18:00:00,183.82
2024-05-06 19:00:00,183.8
2024-05-06 20:00:00,183.82
2024-05-06 21:00:00,183.8
2024-05-06 22:00:00,176.45
2024-05-06 23:00:00,125.62
2024-05-07 00:00:00,115.2
2024-05-07 01:00:00,114.69
2024-05-07 02:00:00,111.85
2024-05-07 03:00:00,105.35
2024-05-07 04:00:00,106.33
2024-05-07 05:00:00,114.97
2024-05-07 06:00:00,129.43
2024-05-07 07:00:00,146.22
2024-05-07 08:00:00,182.02
2024-05-07 09:00:00,207.51
2024-05-07 10:00:00,181.9
2024-05-07 11:00:00,181.88
2024-05-07 12:00:00,181.44
2024-05-07 13:00:00,183.27
2024-05-07 14:00:00,183.75
2024-05-07 15:00:00,183.22
2024-05-07 16:00:00,250.39
2024-05-07 17:00:00,181.45
2024-05-07 18:00:00,181.73
2024-05-07 19:00:00,181.84
2024-05-07 20:00:00,181.85
2024-05-07 21:00:00,181.76
2024-05-07 22:00:00,175.55
2024-05-07 23:00:00,133.14
2024-05-08 00:00:00,115.98
2024-05-08 01:00:00,115.99
2024-05-08 02:00:00,112.68
2024-05-08 03:00:00,111.66
2024-05-08 04:00:00,108.64
2024-05-08 05:00:00,111.8
2024-05-08 06:00:00,116.43
2024-05-08 07:00:00,130.53
2024-05-08 08:00:00,181.39
2024-05-08 09:00:00,181.74
2024-05-08 10:00:00,181.86
2024-05-08 11:00:00,180.37
2024-05-08 12:00:00,146.41
2024-05-08 13:00:00,146.41
2024-05-08 14:00:00,181.67
2024-05-08 15:00:00,181.46
2024-05-08 16:00:00,180.38
2024-05-08 17:00:00,181.56
2024-05-08 18:00:00,181.55
2024-05-08 19:00:00,181.56
2024-05-08 20:00:00,182.25
2024-05-08 21:00:00,238.92
2024-05-08 22:00:00,181.38
2024-05-08 23:00:00,132.13
2024-05-09 00:00:00,105.95
2024-05-09 01:00:00,107.31
2024-05-09 02:00:00,101.43
2024-05-09 03:00:00,99.58
2024-05-09 04:00:00,96.88
2024-05-09 05:00:00,101.6
2024-05-09 06:00:00,109.49
2024-05-09 07:00:00,115.08
2024-05-09 08:00:00,180.14
2024-05-09 09:00:00,181.69
2024-05-09 10:00:00,178.27
2024-05-09 11:00:00,123.81
2024-05-09 12:00:00,117.24
2024-05-09 13:00:00,121.37
2024-05-09 14:00:00,118.94
2024-05-09 15:00:00,132.11
2024-05-09 16:00:00,146.42
2024-05-09 17:00:00,180.48
2024-05-09 18:00:00,181.88
2024-05-09 19:00:00,235.28
2024-05-09 20:00:00,242.77
2024-05-09 21:00:00,187.99
2024-05-09 22:00:00,181.58
2024-05-09 23:00:00,180.13
2024-05-10 00:00:00,138.9
2024-05-10 01:00:00,132.28
2024-05-10 02:00:00,123.94
2024-05-10 03:00:00,122.06
2024-05-10 04:00:00,115.78
2024-05-10 05:00:00,121.98
2024-05-10 06:00:00,138.67
2024-05-10 07:00:00,179.94
2024-05-10 08:00:00,201.67
2024-05-10 09:00:00,231.7
2024-05-10 10:00:00,193.1
2024-05-10 11:00:00,207.5
2024-05-10 12:00:00,239.63
2024-05-10 13:00:00,181.84
2024-05-10 14:00:00,181.88
2024-05-10 15:00:00,191.08
2024-05-10 16:00:00,276.86
2024-05-10 17:00:00,221.28
2024-05-10 18:00:00,234.74
2024-05-10 19:00:00,243.18
2024-05-10 20:00:00,234.82
2024-05-10 21:00:00,211.32
2024-05-10 22:00:00,206.54
2024-05-10 23:00:00,178.03
2024-05-11 00:00:00,329.48
2024-05-11 01:00:00,177.1
2024-05-11 02:00:00,177.06
2024-05-11 03:00:00,172.89
2024-05-11 04:00:00,149.06
2024-05-11 05:00:00,172.54
2024-05-11 06:00:00,175.98
2024-05-11 07:00:00,181.73
2024-05-11 08:00:00,263.14
2024-05-11 09:00:00,235.49
2024-05-11 10:00:00,235.07
2024-05-11 11:00:00,205.03
2024-05-11 12:00:00,177.11
2024-05-11 13:00:00,174.86
2024-05-11 14:00:00,181.69
2024-05-11 15:00:00,241.69
2024-05-11 16:00:00,132.04
2024-05-11 17:00:00,163.34
2024-05-11 18:00:00,180.39
2024-05-11 19:00:00,181.53
2024-05-11 20:00:00,181.59
2024-05-11 21:00:00,174.78
2024-05-11 22:00:00,172.56
2024-05-11 23:00:00,174.99
2024-05-12 00:00:00,170.89
2024-05-12 01:00:00,146.29
2024-05-12 02:00:00,121.98
2024-05-12 03:00:00,113.89
2024-05-12 04:00:00,113.39
2024-05-12 05:00:00,113.39
2024-05-12 06:00:00,113.89
2024-05-12 07:00:00,121.95
2024-05-12 08:00:00,133.91
2024-05-12 09:00:00,143.11
2024-05-12 10:00:00,128.81
2024-05-12 11:00:00,123.77
2024-05-12 12:00:00,106.25
2024-05-12 13:00:00,112.71
2024-05-12 14:00:00,122.79
2024-05-12 15:00:00,157.03
2024-05-12 16:00:00,128.79
2024-05-12 17:00:00,173.13
2024-05-12 18:00:00,176.17
2024-05-12 19:00:00,181.64
2024-05-12 20:00:00,187.02
2024-05-12 21:00:00,187.0
2024-05-12 22:00:00,181.29
2024-05-12 23:00:00,175.08
2024-05-13 00:00:00,114.26
2024-05-13 01:00:00,109.02
2024-05-13 02:00:00,103.73
2024-05-13 03:00:00,101.6
2024-05-13 04:00:00,100.53
2024-05-13 05:00:00,103.8
2024-05-13 06:00:00,113.67
2024-05-13 07:00:00,125.01
2024-05-13 08:00:00,181.5
2024-05-13 09:00:00,181.92
2024-05-13 10:00:00,205.85
2024-05-13 11:00:00,181.92
2024-05-13 12:00:00,181.76
2024-05-13 13:00:00,181.76
2024-05-13 14:00:00,142.8
2024-05-13 15:00:00,181.66
2024-05-13 16:00:00,369.01
2024-05-13 17:00:00,401.66
2024-05-13 18:00:00,213.13
2024-05-13 19:00:00,262.45
2024-05-13 20:00:00,222.3
2024-05-13 21:00:00,181.56
2024-05-13 22:00:00,162.04
2024-05-13 23:00:00,108.48
2024-05-14 00:00:00,106.65
2024-05-14 01:00:00,101.6
2024-05-14 02:00:00,97.42
2024-05-14 03:00:00,95.46
2024-05-14 04:00:00,92.35
2024-05-14 05:00:00,99.46
2024-05-14 06:00:00,106.43
2024-05-14 07:00:00,121.9
2024-05-14 08:00:00,180.14
2024-05-14 09:00:00,180.2
2024-05-14 10:00:00,173.67
2024-05-14 11:00:00,132.11
2024-05-14 12:00:00,110.26
2024-05-14 13:00:00,123.8
2024-05-14 14:00:00,181.67
2024-05-14 15:00:00,181.99
2024-05-14 16:00:00,373.83
2024-05-14 17:00:00,427.06
2024-05-14 18:00:00,584.77
2024-05-14 19:00:00,234.82
2024-05-14 20:00:00,205.84
2024-05-14 21:00:00,194.54
2024-05-14 22:00:00,178.66
2024-05-14 23:00:00,145.62
2024-05-15 00:00:00,111.72
2024-05-15 01:00:00,108.96
2024-05-15 02:00:00,105.54
2024-05-15 03:00:00,102.16
2024-05-15 04:00:00,102.84
2024-05-15 05:00:00,105.62
2024-05-15 06:00:00,114.73
2024-05-15 07:00:00,123.75
2024-05-15 08:00:00,179.18
2024-05-15 09:00:00,220.88
2024-05-15 10:00:00,220.87
2024-05-15 11:00:00,180.26
2024-05-15 12:00:00,179.11
2024-05-15 13:00:00,175.32
2024-05-15 14:00:00,372.48
2024-05-15 15:00:00,204.01
2024-05-15 16:00:00,429.94
2024-05-15 17:00:00,198.84
2024-05-15 18:00:00,182.1
2024-05-15 19:00:00,179.56
2024-05-15 20:00:00,179.33
2024-05-15 21:00:00,179.34
2024-05-15 22:00:00,178.09
2024-05-15 23:00:00,178.09
2024-05-16 00:00:00,114.74
2024-05-16 01:00:00,108.31
2024-05-16 02:00:00,105.79
2024-05-16 03:00:00,101.03
2024-05-16 04:00:00,101.06
2024-05-16 05:00:00,103.78
2024-05-16 06:00:00,114.08
2024-05-16 07:00:00,123.74
2024-05-16 08:00:00,179.37
2024-05-16 09:00:00,184.46
2024-05-16 10:00:00,215.83
2024-05-16 11:00:00,220.92
2024-05-16 12:00:00,275.05
2024-05-16 13:00:00,132.46
2024-05-16 14:00:00,179.2
2024-05-16 15:00:00,3072.09
2024-05-16 16:00:00,179.31
2024-05-16 17:00:00,179.19
2024-05-16 18:00:00,178.16
2024-05-16 19:00:00,178.19
2024-05-16 20:00:00,178.38
2024-05-16 21:00:00,178.19
2024-05-16 22:00:00,128.81
2024-05-16 23:00:00,125.31
2024-05-17 00:00:00,146.39
2024-05-17 01:00:00,123.88
2024-05-17 02:00:00,117.73
2024-05-17 03:00:00,111.77
2024-05-17 04:00:00,112.67
2024-05-17 05:00:00,108.65
2024-05-17 06:00:00,112.68
2024-05-17 07:00:00,123.77
2024-05-17 08:00:00,178.13
2024-05-17 09:00:00,179.16
2024-05-17 10:00:00,179.18
2024-05-17 11:00:00,179.18
2024-05-17 12:00:00,116.24
2024-05-17 13:00:00,178.2
2024-05-17 14:00:00,179.09
2024-05-17 15:00:00,179.28
2024-05-17 16:00:00,179.07
2024-05-17 17:00:00,179.3
2024-05-17 18:00:00,179.29
2024-05-17 19:00:00,179.31
2024-05-17 20:00:00,179.3
2024-05-17 21:00:00,179.32
2024-05-17 22:00:00,179.06
2024-05-17 23:00:00,178.27
2024-05-18 00:00:00,179.15
2024-05-18 01:00:00,141.69
2024-05-18 02:00:00,122.44
2024-05-18 03:00:00,118.92
2024-05-18 04:00:00,115.28
2024-05-18 05:00:00,115.79
2024-05-18 06:00:00,119.4
2024-05-18 07:00:00,132.1
2024-05-18 08:00:00,178.18
2024-05-18 09:00:00,200.83
2024-05-18 10:00:00,179.95
2024-05-18 11:00:00,179.31
2024-05-18 12:00:00,179.31
2024-05-18 13:00:00,141.11
2024-05-18 14:00:00,132.12
2024-05-18 15:00:00,170.86
2024-05-18 16:00:00,179.22
2024-05-18 17:00:00,179.34
2024-05-18 18:00:00,179.56
2024-05-18 19:00:00,179.68
2024-05-18 20:00:00,186.5
2024-05-18 21:00:00,180.07
2024-05-18 22:00:00,179.4
2024-05-18 23:00:00,163.26
2024-05-19 00:00:00,141.72
2024-05-19 01:00:00,117.94
2024-05-19 02:00:00,111.71
2024-05-19 03:00:00,105.83
2024-05-19 04:00:00,146.49
2024-05-19 05:00:00,150.15
2024-05-19 06:00:00,132.22
2024-05-19 07:00:00,123.87
2024-05-19 08:00:00,132.07
2024-05-19 09:00:00,132.09
2024-05-19 10:00:00,122.61
2024-05-19 11:00:00,110.72
2024-05-19 12:00:00,111.83
2024-05-19 13:00:00,100.56
2024-05-19 14:00:00,104.07
2024-05-19 15:00:00,104.55
2024-05-19 16:00:00,151.85
2024-05-19 17:00:00,166.89
2024-05-19 18:00:00,170.99
2024-05-19 19:00:00,179.3
2024-05-19 20:00:00,179.83
2024-05-19 21:00:00,193.27
2024-05-19 22:00:00,179.16
2024-05-19 23:00:00,151.72
2024-05-20 00:00:00,111.27
2024-05-20 01:00:00,107.14
2024-05-20 02:00:00,105.67
2024-05-20 03:00:00,103.78
2024-05-20 04:00:00,103.78
2024-05-20 05:00:00,105.81
2024-05-20 06:00:00,117.27
2024-05-20 07:00:00,137.2
2024-05-20 08:00:00,200.6
2024-05-20 09:00:00,382.09
2024-05-20 10:00:00,380.71
2024-05-20 11:00:00,290.67
2024-05-20 12:00:00,179.42
2024-05-20 13:00:00,178.37
2024-05-20 14:00:00,141.81
2024-05-20 15:00:00,141.83
2024-05-20 16:00:00,179.29
2024-05-20 17:00:00,198.52
2024-05-20 18:00:00,184.9
2024-05-20 19:00:00,184.83
2024-05-20 20:00:00,184.73
2024-05-20 21:00:00,179.3
2024-05-20 22:00:00,169.33
2024-05-20 23:00:00,129.08
2024-05-21 00:00:00,113.04
2024-05-21 01:00:00,105.47
2024-05-21 02:00:00,104.39
2024-05-21 03:00:00,99.58
2024-05-21 04:00:00,105.7
2024-05-21 05:00:00,123.73
2024-05-21 06:00:00,177.03
2024-05-21 07:00:00,180.35
2024-05-21 08:00:00,197.17
2024-05-21 09:00:00,197.37
2024-05-21 10:00:00,196.86
2024-05-21 11:00:00,192.8
2024-05-21 12:00:00,192.97
2024-05-21 13:00:00,192.99
2024-05-21 14:00:00,160.63
2024-05-21 15:00:00,197.19
2024-05-21 16:00:00,197.39
2024-05-21 17:00:00,211.74
2024-05-21 18:00:00,197.4
2024-05-21 19:00:00,197.42
2024-05-21 20:00:00,197.19
2024-05-21 21:00:00,197.46
2024-05-21 22:00:00,197.39
2024-05-21 23:00:00,177.21
2024-05-22 00:00:00,197.15
2024-05-22 01:00:00,145.82
2024-05-22 02:00:00,135.07
2024-05-22 03:00:00,117.77
2024-05-22 04:00:00,117.28
2024-05-22 05:00:00,138.23
2024-05-22 06:00:00,129.96
2024-05-22 07:00:00,151.82
2024-05-22 08:00:00,197.15
2024-05-22 09:00:00,198.33
2024-05-22 10:00:00,195.97
2024-05-22 11:00:00,207.44
2024-05-22 12:00:00,207.66
2024-05-22 13:00:00,207.38
2024-05-22 14:00:00,194.42
2024-05-22 15:00:00,162.35
2024-05-22 16:00:00,208.2
2024-05-22 17:00:00,234.53
2024-05-22 18:00:00,310.03
2024-05-22 19:00:00,1072.11
2024-05-22 20:00:00,3094.59
2024-05-22 21:00:00,3068.55
2024-05-22 22:00:00,522.73
2024-05-22 23:00:00,207.45
2024-05-23 00:00:00,110.88
2024-05-23 01:00:00,108.04
2024-05-23 02:00:00,104.69
2024-05-23 03:00:00,101.19
2024-05-23 04:00:00,105.21
2024-05-23 05:00:00,107.01
2024-05-23 06:00:00,141.64
2024-05-23 07:00:00,146.7
2024-05-23 08:00:00,189.05
2024-05-23 09:00:00,232.47
2024-05-23 10:00:00,203.15
2024-05-23 11:00:00,189.07
2024-05-23 12:00:00,182.05
2024-05-23 13:00:00,188.4
2024-05-23 14:00:00,188.15
2024-05-23 15:00:00,188.77
2024-05-23 16:00:00,189.08
2024-05-23 17:00:00,472.2
2024-05-23 18:00:00,238.35
2024-05-23 19:00:00,246.91
2024-05-23 20:00:00,189.09
2024-05-23 21:00:00,188.76
2024-05-23 22:00:00,170.17
2024-05-23 23:00:00,128.56
2024-05-24 00:00:00,112.07
2024-05-24 01:00:00,106.04
2024-05-24 02:00:00,98.95
2024-05-24 03:00:00,96.0
2024-05-24 04:00:00,96.25
2024-05-24 05:00:00,100.79
2024-05-24 06:00:00,123.83
2024-05-24 07:00:00,146.69
2024-05-24 08:00:00,207.4
2024-05-24 09:00:00,229.27
2024-05-24 10:00:00,239.64
2024-05-24 11:00:00,207.47
2024-05-24 12:00:00,120.85
2024-05-24 13:00:00,145.13
2024-05-24 14:00:00,179.68
2024-05-24 15:00:00,207.44
2024-05-24 16:00:00,208.27
2024-05-24 17:00:00,208.27
2024-05-24 18:00:00,207.98
2024-05-24 19:00:00,208.29
2024-05-24 20:00:00,207.64
2024-05-24 21:00:00,191.09
2024-05-24 22:00:00,166.44
2024-05-24 23:00:00,123.87
2024-05-25 00:00:00,169.13
2024-05-25 01:00:00,125.4
2024-05-25 02:00:00,109.04
2024-05-25 03:00:00,107.34
2024-05-25 04:00:00,107.34
2024-05-25 05:00:00,107.36
2024-05-25 06:00:00,108.98
2024-05-25 07:00:00,139.05
2024-05-25 08:00:00,179.68
2024-05-25 09:00:00,197.7
2024-05-25 10:00:00,224.8
2024-05-25 11:00:00,169.96
2024-05-25 12:00:00,138.69
2024-05-25 13:00:00,132.38
2024-05-25 14:00:00,155.22
2024-05-25 15:00:00,144.68
2024-05-25 16:00:00,144.74
2024-05-25 17:00:00,171.87
2024-05-25 18:00:00,190.82
2024-05-25 19:00:00,207.44
2024-05-25 20:00:00,207.47
2024-05-25 21:00:00,202.4
2024-05-25 22:00:00,152.33
2024-05-25 23:00:00,133.06
2024-05-26 00:00:00,138.72
2024-05-26 01:00:00,115.88
2024-05-26 02:00:00,108.6
2024-05-26 03:00:00,107.15
2024-05-26 04:00:00,107.33
2024-05-26 05:00:00,107.32
2024-05-26 06:00:00,111.05
2024-05-26 07:00:00,122.44
2024-05-26 08:00:00,139.23
2024-05-26 09:00:00,139.08
2024-05-26 10:00:00,138.53
2024-05-26 11:00:00,125.14
2024-05-26 12:00:00,107.81
2024-05-26 13:00:00,101.38
2024-05-26 14:00:00,97.35
2024-05-26 15:00:00,109.9
2024-05-26 16:00:00,141.67
2024-05-26 17:00:00,150.06
2024-05-26 18:00:00,3073.48
2024-05-26 19:00:00,4075.85
2024-05-26 20:00:00,4068.62
2024-05-26 21:00:00,588.87
2024-05-26 22:00:00,588.87
2024-05-26 23:00:00,588.87
2024-05-27 00:00:00,237.96
2024-05-27 01:00:00,204.87
2024-05-27 02:00:00,192.6
2024-05-27 03:00:00,150.44
2024-05-27 04:00:00,146.66
2024-05-27 05:00:00,179.69
2024-05-27 06:00:00,200.97
2024-05-27 07:00:00,196.72
2024-05-27 08:00:00,496.74
2024-05-27 09:00:00,588.87
2024-05-27 10:00:00,358.46
2024-05-27 11:00:00,139.4
2024-05-27 12:00:00,109.19
2024-05-27 13:00:00,116.66
2024-05-27 14:00:00,139.43
2024-05-27 15:00:00,212.74
2024-05-27 16:00:00,323.38
2024-05-27 17:00:00,207.66
2024-05-27 18:00:00,208.4
2024-05-27 19:00:00,208.35
2024-05-27 20:00:00,208.34
2024-05-27 21:00:00,208.02
2024-05-27 22:00:00,195.35
2024-05-27 23:00:00,192.65
2024-05-28 00:00:00,178.53
2024-05-28 01:00:00,146.71
2024-05-28 02:00:00,190.63
2024-05-28 03:00:00,145.61
2024-05-28 04:00:00,146.71
2024-05-28 05:00:00,161.01
2024-05-28 06:00:00,207.58
2024-05-28 07:00:00,235.01
2024-05-28 08:00:00,401.27
2024-05-28 09:00:00,547.91
2024-05-28 10:00:00,389.4
2024-05-28 11:00:00,401.21
2024-05-28 12:00:00,236.91
2024-05-28 13:00:00,377.39
2024-05-28 14:00:00,404.31
2024-05-28 15:00:00,285.57
2024-05-28 16:00:00,326.88
2024-05-28 17:00:00,237.6
2024-05-28 18:00:00,236.72
2024-05-28 19:00:00,258.96
2024-05-28 20:00:00,364.58
2024-05-28 21:00:00,216.16
2024-05-28 22:00:00,208.27
2024-05-28 23:00:00,202.14
2024-05-29 00:00:00,146.74
2024-05-29 01:00:00,139.27
2024-05-29 02:00:00,134.42
2024-05-29 03:00:00,127.57
2024-05-29 04:00:00,125.5
2024-05-29 05:00:00,138.94
2024-05-29 06:00:00,146.7
2024-05-29 07:00:00,237.54
2024-05-29 08:00:00,573.05
2024-05-29 09:00:00,684.86
2024-05-29 10:00:00,557.91
2024-05-29 11:00:00,323.9
2024-05-29 12:00:00,208.28
2024-05-29 13:00:00,208.29
2024-05-29 14:00:00,292.94
2024-05-29 15:00:00,244.73
2024-05-29 16:00:00,621.06
2024-05-29 17:00:00,591.61
2024-05-29 18:00:00,518.95
2024-05-29 19:00:00,513.02
2024-05-29 20:00:00,472.56
2024-05-29 21:00:00,855.68
2024-05-29 22:00:00,364.62
2024-05-29 23:00:00,238.82
2024-05-30 00:00:00,273.35
2024-05-30 01:00:00,179.62
2024-05-30 02:00:00,217.11
2024-05-30 03:00:00,159.41
2024-05-30 04:00:00,169.34
2024-05-30 05:00:00,179.82
2024-05-30 06:00:00,192.56
2024-05-30 07:00:00,620.02
2024-05-30 08:00:00,3071.89
2024-05-30 09:00:00,3095.97
2024-05-30 10:00:00,588.87
2024-05-30 11:00:00,587.61
2024-05-30 12:00:00,179.82
2024-05-30 13:00:00,139.34
2024-05-30 14:00:00,158.28
2024-05-30 15:00:00,179.79
2024-05-30 16:00:00,208.25
2024-05-30 17:00:00,208.29
2024-05-30 18:00:00,208.2
2024-05-30 19:00:00,208.3
2024-05-30 20:00:00,208.31
2024-05-30 21:00:00,208.19
2024-05-30 22:00:00,196.89
2024-05-30 23:00:00,196.88
2024-05-31 00:00:00,202.32
2024-05-31 01:00:00,139.66
2024-05-31 02:00:00,139.25
2024-05-31 03:00:00,139.05
2024-05-31 04:00:00,128.92
2024-05-31 05:00:00,138.89
2024-05-31 06:00:00,139.23
2024-05-31 07:00:00,187.38
2024-05-31 08:00:00,286.53
2024-05-31 09:00:00,491.44
2024-05-31 10:00:00,512.62
2024-05-31 11:00:00,176.95
2024-05-31 12:00:00,207.96
2024-05-31 13:00:00,247.32
2024-05-31 14:00:00,197.6
2024-05-31 15:00:00,194.39
2024-05-31 16:00:00,208.08
2024-05-31 17:00:00,247.11
2024-05-31 18:00:00,273.38
2024-05-31 19:00:00,364.45
2024-05-31 20:00:00,332.92
2024-05-31 21:00:00,237.03
2024-05-31 22:00:00,186.73
2024-05-31 23:00:00,179.76
2024-06-01 00:00:00,145.49
2024-06-01 01:00:00,187.87
2024-06-01 02:00:00,158.91
2024-06-01 03:00:00,158.38
2024-06-01 04:00:00,145.9
2024-06-01 05:00:00,143.87
2024-06-01 06:00:00,158.34
2024-06-01 07:00:00,177.17
2024-06-01 08:00:00,192.81
2024-06-01 09:00:00,192.97
2024-06-01 10:00:00,176.89
2024-06-01 11:00:00,139.67
2024-06-01 12:00:00,107.26
2024-06-01 13:00:00,113.21
2024-06-01 14:00:00,109.82
2024-06-01 15:00:00,105.71
2024-06-01 16:00:00,123.96
2024-06-01 17:00:00,139.26
2024-06-01 18:00:00,177.19
2024-06-01 19:00:00,207.16
2024-06-01 20:00:00,208.27
2024-06-01 21:00:00,207.12
2024-06-01 22:00:00,172.02
2024-06-01 23:00:00,145.8
2024-06-02 00:00:00,119.51
2024-06-02 01:00:00,111.01
2024-06-02 02:00:00,106.06
2024-06-02 03:00:00,104.86
2024-06-02 04:00:00,104.1
2024-06-02 05:00:00,105.44
2024-06-02 06:00:00,106.59
2024-06-02 07:00:00,139.09
2024-06-02 08:00:00,139.12
2024-06-02 09:00:00,130.58
2024-06-02 10:00:00,119.01
2024-06-02 11:00:00,99.62
2024-06-02 12:00:00,96.51
2024-06-02 13:00:00,96.53
2024-06-02 14:00:00,96.14
2024-06-02 15:00:00,97.55
2024-06-02 16:00:00,100.23
2024-06-02 17:00:00,112.55
2024-06-02 18:00:00,139.21
2024-06-02 19:00:00,144.61
2024-06-02 20:00:00,155.62
2024-06-02 21:00:00,143.57
2024-06-02 22:00:00,139.33
2024-06-02 23:00:00,110.56
2024-06-03 00:00:00,141.81
2024-06-03 01:00:00,104.46
2024-06-03 02:00:00,97.74
2024-06-03 03:00:00,92.82
2024-06-03 04:00:00,86.31
2024-06-03 05:00:00,91.11
2024-06-03 06:00:00,104.83
2024-06-03 07:00:00,109.86
2024-06-03 08:00:00,193.11
2024-06-03 09:00:00,254.59
2024-06-03 10:00:00,233.56
2024-06-03 11:00:00,172.3
2024-06-03 12:00:00,141.92
2024-06-03 13:00:00,142.91
2024-06-03 14:00:00,152.21
2024-06-03 15:00:00,170.29
2024-06-03 16:00:00,177.38
2024-06-03 17:00:00,193.19
2024-06-03 18:00:00,223.17
2024-06-03 19:00:00,187.94
2024-06-03 20:00:00,161.31
2024-06-03 21:00:00,160.65
2024-06-03 22:00:00,149.93
2024-06-03 23:00:00,113.52
2024-06-04 00:00:00,92.64
2024-06-04 01:00:00,90.88
2024-06-04 02:00:00,88.11
2024-06-04 03:00:00,85.38
2024-06-04 04:00:00,85.21
2024-06-04 05:00:00,85.43
2024-06-04 06:00:00,95.16
2024-06-04 07:00:00,128.96
2024-06-04 08:00:00,191.28
2024-06-04 09:00:00,199.57
2024-06-04 10:00:00,191.43
2024-06-04 11:00:00,191.47
2024-06-04 12:00:00,141.87
2024-06-04 13:00:00,173.66
2024-06-04 14:00:00,159.45
2024-06-04 15:00:00,172.27
2024-06-04 16:00:00,204.64
2024-06-04 17:00:00,208.39
2024-06-04 18:00:00,228.46
2024-06-04 19:00:00,230.05
2024-06-04 20:00:00,203.16
2024-06-04 21:00:00,203.93
2024-06-04 22:00:00,177.39
2024-06-04 23:00:00,141.83
2024-06-05 00:00:00,94.83
2024-06-05 01:00:00,130.11
2024-06-05 02:00:00,119.28
2024-06-05 03:00:00,120.27
2024-06-05 04:00:00,128.79
2024-06-05 05:00:00,139.08
2024-06-05 06:00:00,142.76
2024-06-05 07:00:00,226.23
2024-06-05 08:00:00,749.88
2024-06-05 09:00:00,388.24
2024-06-05 10:00:00,311.57
2024-06-05 11:00:00,289.42
2024-06-05 12:00:00,191.27
2024-06-05 13:00:00,191.33
2024-06-05 14:00:00,193.22
2024-06-05 15:00:00,191.39
2024-06-05 16:00:00,202.9
2024-06-05 17:00:00,208.32
2024-06-05 18:00:00,208.33
2024-06-05 19:00:00,210.15
2024-06-05 20:00:00,208.25
2024-06-05 21:00:00,205.53
2024-06-05 22:00:00,208.3
2024-06-05 23:00:00,141.84
2024-06-06 00:00:00,115.91
2024-06-06 01:00:00,114.03
2024-06-06 02:00:00,106.62
2024-06-06 03:00:00,105.79
2024-06-06 04:00:00,105.8
2024-06-06 05:00:00,105.81
2024-06-06 06:00:00,118.92
2024-06-06 07:00:00,171.89
2024-06-06 08:00:00,192.94
2024-06-06 09:00:00,208.38
2024-06-06 10:00:00,197.28
2024-06-06 11:00:00,177.36
2024-06-06 12:00:00,142.37
2024-06-06 13:00:00,142.37
2024-06-06 14:00:00,172.3
2024-06-06 15:00:00,191.71
2024-06-06 16:00:00,377.98
2024-06-06 17:00:00,208.24
2024-06-06 18:00:00,187.99
2024-06-06 19:00:00,186.08
2024-06-06 20:00:00,185.56
2024-06-06 21:00:00,179.76
2024-06-06 22:00:00,158.85
2024-06-06 23:00:00,115.94
2024-06-07 00:00:00,97.57
2024-06-07 01:00:00,94.17
2024-06-07 02:00:00,89.76
2024-06-07 03:00:00,96.05
2024-06-07 04:00:00,92.33
2024-06-07 05:00:00,96.04
2024-06-07 06:00:00,104.83
2024-06-07 07:00:00,139.41
2024-06-07 08:00:00,164.14
2024-06-07 09:00:00,191.44
2024-06-07 10:00:00,177.26
2024-06-07 11:00:00,162.43
2024-06-07 12:00:00,142.33
2024-06-07 13:00:00,142.28
2024-06-07 14:00:00,162.44
2024-06-07 15:00:00,182.5
2024-06-07 16:00:00,198.1
2024-06-07 17:00:00,183.4
2024-06-07 18:00:00,180.93
2024-06-07 19:00:00,181.4
2024-06-07 20:00:00,177.28
2024-06-07 21:00:00,155.06
2024-06-07 22:00:00,142.91
2024-06-07 23:00:00,126.8
2024-06-08 00:00:00,139.16
2024-06-08 01:00:00,117.72
2024-06-08 02:00:00,105.87
2024-06-08 03:00:00,105.09
2024-06-08 04:00:00,100.18
2024-06-08 05:00:00,104.97
2024-06-08 06:00:00,105.78
2024-06-08 07:00:00,128.95
2024-06-08 08:00:00,151.8
2024-06-08 09:00:00,209.43
2024-06-08 10:00:00,164.36
2024-06-08 11:00:00,146.39
2024-06-08 12:00:00,128.92
2024-06-08 13:00:00,139.36
2024-06-08 14:00:00,101.59
2024-06-08 15:00:00,133.54
2024-06-08 16:00:00,142.81
2024-06-08 17:00:00,151.7
2024-06-08 18:00:00,166.06
2024-06-08 19:00:00,306.27
2024-06-08 20:00:00,309.28
2024-06-08 21:00:00,306.35
2024-06-08 22:00:00,170.85
2024-06-08 23:00:00,139.44
2024-06-09 00:00:00,142.89
2024-06-09 01:00:00,139.02
2024-06-09 02:00:00,124.87
2024-06-09 03:00:00,106.89
2024-06-09 04:00:00,106.83
2024-06-09 05:00:00,106.85
2024-06-09 06:00:00,115.92
2024-06-09 07:00:00,132.5
2024-06-09 08:00:00,143.26
2024-06-09 09:00:00,143.42
2024-06-09 10:00:00,143.22
2024-06-09 11:00:00,139.21
2024-06-09 12:00:00,138.96
2024-06-09 13:00:00,139.13
2024-06-09 14:00:00,143.65
2024-06-09 15:00:00,111.66
2024-06-09 16:00:00,111.81
2024-06-09 17:00:00,115.87
2024-06-09 18:00:00,142.85
2024-06-09 19:00:00,191.62
2024-06-09 20:00:00,208.1
2024-06-09 21:00:00,191.67
2024-06-09 22:00:00,143.3
2024-06-09 23:00:00,138.92
2024-06-10 00:00:00,138.91
2024-06-10 01:00:00,97.21
2024-06-10 02:00:00,92.34
2024-06-10 03:00:00,90.74
2024-06-10 04:00:00,90.74
2024-06-10 05:00:00,91.25
2024-06-10 06:00:00,97.18
2024-06-10 07:00:00,116.06
2024-06-10 08:00:00,149.9
2024-06-10 09:00:00,177.16
2024-06-10 10:00:00,177.32
2024-06-10 11:00:00,3072.43
2024-06-10 12:00:00,143.01
2024-06-10 13:00:00,191.49
2024-06-10 14:00:00,191.28
2024-06-10 15:00:00,247.59
2024-06-10 16:00:00,187.81
2024-06-10 17:00:00,348.42
2024-06-10 18:00:00,193.02
2024-06-10 19:00:00,191.39
2024-06-10 20:00:00,191.55
2024-06-10 21:00:00,173.0
2024-06-10 22:00:00,148.76
2024-06-10 23:00:00,127.39
2024-06-11 00:00:00,111.88
2024-06-11 01:00:00,105.1
2024-06-11 02:00:00,97.25
2024-06-11 03:00:00,92.36
2024-06-11 04:00:00,88.16
2024-06-11 05:00:00,100.41
2024-06-11 06:00:00,105.82
2024-06-11 07:00:00,141.69
2024-06-11 08:00:00,177.13
2024-06-11 09:00:00,180.2
2024-06-11 10:00:00,166.05
2024-06-11 11:00:00,141.91
2024-06-11 12:00:00,117.74
2024-06-11 13:00:00,127.77
2024-06-11 14:00:00,129.64
2024-06-11 15:00:00,139.08
2024-06-11 16:00:00,156.89
2024-06-11 17:00:00,208.24
2024-06-11 18:00:00,175.19
2024-06-11 19:00:00,168.0
2024-06-11 20:00:00,150.95
2024-06-11 21:00:00,163.47
2024-06-11 22:00:00,142.33
2024-06-11 23:00:00,116.28
2024-06-12 00:00:00,105.91
2024-06-12 01:00:00,99.43
2024-06-12 02:00:00,91.8
2024-06-12 03:00:00,84.93
2024-06-12 04:00:00,83.84
2024-06-12 05:00:00,86.49
2024-06-12 06:00:00,98.91
2024-06-12 07:00:00,141.75
2024-06-12 08:00:00,167.01
2024-06-12 09:00:00,187.14
2024-06-12 10:00:00,191.52
2024-06-12 11:00:00,263.46
2024-06-12 12:00:00,167.02
2024-06-12 13:00:00,139.4
2024-06-12 14:00:00,187.72
2024-06-12 15:00:00,139.46
2024-06-12 16:00:00,139.41
2024-06-12 17:00:00,142.8
2024-06-12 18:00:00,163.04
2024-06-12 19:00:00,177.31
2024-06-12 20:00:00,175.89
2024-06-12 21:00:00,171.96
2024-06-12 22:00:00,158.97
2024-06-12 23:00:00,120.76
2024-06-13 00:00:00,112.03
2024-06-13 01:00:00,96.07
2024-06-13 02:00:00,89.08
2024-06-13 03:00:00,86.53
2024-06-13 04:00:00,85.72
2024-06-13 05:00:00,89.08
2024-06-13 06:00:00,98.15
2024-06-13 07:00:00,141.84
2024-06-13 08:00:00,177.5
2024-06-13 09:00:00,171.1
2024-06-13 10:00:00,142.35
2024-06-13 11:00:00,130.89
2024-06-13 12:00:00,127.11
2024-06-13 13:00:00,142.44
2024-06-13 14:00:00,127.6
2024-06-13 15:00:00,127.6
2024-06-13 16:00:00,172.39
2024-06-13 17:00:00,172.32
2024-06-13 18:00:00,142.99
2024-06-13 19:00:00,171.8
2024-06-13 20:00:00,170.85
2024-06-13 21:00:00,169.12
2024-06-13 22:00:00,162.06
2024-06-13 23:00:00,126.73
2024-06-14 00:00:00,120.84
2024-06-14 01:00:00,118.71
2024-06-14 02:00:00,107.9
2024-06-14 03:00:00,99.23
2024-06-14 04:00:00,99.74
2024-06-14 05:00:00,104.98
2024-06-14 06:00:00,121.67
2024-06-14 07:00:00,147.93
2024-06-14 08:00:00,175.08
2024-06-14 09:00:00,175.16
2024-06-14 10:00:00,170.92
2024-06-14 11:00:00,142.87
2024-06-14 12:00:00,116.92
2024-06-14 13:00:00,141.88
2024-06-14 14:00:00,193.08
2024-06-14 15:00:00,191.81
2024-06-14 16:00:00,191.68
2024-06-14 17:00:00,141.81
2024-06-14 18:00:00,141.85
2024-06-14 19:00:00,142.95
2024-06-14 20:00:00,149.75
2024-06-14 21:00:00,141.83
2024-06-14 22:00:00,127.58
2024-06-14 23:00:00,105.03
2024-06-15 00:00:00,122.27
2024-06-15 01:00:00,109.92
2024-06-15 02:00:00,105.3
2024-06-15 03:00:00,102.43
2024-06-15 04:00:00,92.48
2024-06-15 05:00:00,103.83
2024-06-15 06:00:00,105.78
2024-06-15 07:00:00,133.16
2024-06-15 08:00:00,170.29
2024-06-15 09:00:00,172.02
2024-06-15 10:00:00,151.97
2024-06-15 11:00:00,120.83
2024-06-15 12:00:00,100.66
2024-06-15 13:00:00,120.86
2024-06-15 14:00:00,105.87
2024-06-15 15:00:00,122.41
2024-06-15 16:00:00,114.09
2024-06-15 17:00:00,142.27
2024-06-15 18:00:00,142.28
2024-06-15 19:00:00,172.06
2024-06-15 20:00:00,172.24
2024-06-15 21:00:00,135.26
2024-06-15 22:00:00,127.5
2024-06-15 23:00:00,131.2
2024-06-16 00:00:00,126.81
2024-06-16 01:00:00,121.79
2024-06-16 02:00:00,120.94
2024-06-16 03:00:00,110.56
2024-06-16 04:00:00,108.91
2024-06-16 05:00:00,105.33
2024-06-16 06:00:00,90.58
2024-06-16 07:00:00,91.5
2024-06-16 08:00:00,100.42
2024-06-16 09:00:00,100.42
2024-06-16 10:00:00,100.65
2024-06-16 11:00:00,84.16
2024-06-16 12:00:00,71.29
2024-06-16 13:00:00,71.29
2024-06-16 14:00:00,67.3
2024-06-16 15:00:00,76.23
2024-06-16 16:00:00,84.31
2024-06-16 17:00:00,100.71
2024-06-16 18:00:00,127.66
2024-06-16 19:00:00,142.84
2024-06-16 20:00:00,149.72
2024-06-16 21:00:00,142.83
2024-06-16 22:00:00,134.37
2024-06-16 23:00:00,116.71
2024-06-17 00:00:00,127.56
2024-06-17 01:00:00,110.46
2024-06-17 02:00:00,106.0
2024-06-17 03:00:00,106.77
2024-06-17 04:00:00,105.17
2024-06-17 05:00:00,105.25
2024-06-17 06:00:00,104.67
2024-06-17 07:00:00,114.5
2024-06-17 08:00:00,127.95
2024-06-17 09:00:00,126.99
2024-06-17 10:00:00,105.84
2024-06-17 11:00:00,88.2
2024-06-17 12:00:00,130.12
2024-06-17 13:00:00,126.97
2024-06-17 14:00:00,106.41
2024-06-17 15:00:00,106.37
2024-06-17 16:00:00,120.69
2024-06-17 17:00:00,191.29
2024-06-17 18:00:00,177.05
2024-06-17 19:00:00,203.16
2024-06-17 20:00:00,237.88
2024-06-17 21:00:00,310.42
2024-06-17 22:00:00,191.36
2024-06-17 23:00:00,120.96
2024-06-18 00:00:00,105.44
2024-06-18 01:00:00,103.91
2024-06-18 02:00:00,99.91
2024-06-18 03:00:00,89.69
2024-06-18 04:00:00,89.69
2024-06-18 05:00:00,93.29
2024-06-18 06:00:00,111.91
2024-06-18 07:00:00,141.67
2024-06-18 08:00:00,191.37
2024-06-18 09:00:00,202.99
2024-06-18 10:00:00,174.12
2024-06-18 11:00:00,142.28
2024-06-18 12:00:00,127.29
2024-06-18 13:00:00,141.87
2024-06-18 14:00:00,174.16
2024-06-18 15:00:00,182.6
2024-06-18 16:00:00,150.84
2024-06-18 17:00:00,142.75
2024-06-18 18:00:00,159.07
2024-06-18 19:00:00,158.53
2024-06-18 20:00:00,155.84
2024-06-18 21:00:00,157.41
2024-06-18 22:00:00,150.87
2024-06-18 23:00:00,124.09
2024-06-19 00:00:00,122.32
2024-06-19 01:00:00,109.14
2024-06-19 02:00:00,100.37
2024-06-19 03:00:00,100.35
2024-06-19 04:00:00,100.36
2024-06-19 05:00:00,105.22
2024-06-19 06:00:00,122.13
2024-06-19 07:00:00,158.67
2024-06-19 08:00:00,191.6
2024-06-19 09:00:00,245.66
2024-06-19 10:00:00,191.51
2024-06-19 11:00:00,191.53
2024-06-19 12:00:00,174.25
2024-06-19 13:00:00,191.43
2024-06-19 14:00:00,269.32
2024-06-19 15:00:00,186.39
2024-06-19 16:00:00,187.94
2024-06-19 17:00:00,170.75
2024-06-19 18:00:00,159.94
2024-06-19 19:00:00,177.16
2024-06-19 20:00:00,191.43
2024-06-19 21:00:00,174.12
2024-06-19 22:00:00,130.19
2024-06-19 23:00:00,129.78
2024-06-20 00:00:00,161.7
2024-06-20 01:00:00,142.34
2024-06-20 02:00:00,134.36
2024-06-20 03:00:00,123.45
2024-06-20 04:00:00,116.99
2024-06-20 05:00:00,126.88
2024-06-20 06:00:00,141.8
2024-06-20 07:00:00,188.69
2024-06-20 08:00:00,192.84
2024-06-20 09:00:00,189.7
2024-06-20 10:00:00,180.99
2024-06-20 11:00:00,142.41
2024-06-20 12:00:00,127.65
2024-06-20 13:00:00,127.45
2024-06-20 14:00:00,141.85
2024-06-20 15:00:00,127.44
2024-06-20 16:00:00,142.42
2024-06-20 17:00:00,142.87
2024-06-20 18:00:00,177.25
2024-06-20 19:00:00,179.31
2024-06-20 20:00:00,167.36
2024-06-20 21:00:00,158.33
2024-06-20 22:00:00,169.51
2024-06-20 23:00:00,127.33
2024-06-21 00:00:00,127.26
2024-06-21 01:00:00,122.92
2024-06-21 02:00:00,122.07
2024-06-21 03:00:00,122.06
2024-06-21 04:00:00,120.72
2024-06-21 05:00:00,122.08
2024-06-21 06:00:00,122.09
2024-06-21 07:00:00,142.21
2024-06-21 08:00:00,191.22
2024-06-21 09:00:00,191.48
2024-06-21 10:00:00,191.53
2024-06-21 11:00:00,165.82
2024-06-21 12:00:00,137.29
2024-06-21 13:00:00,146.82
2024-06-21 14:00:00,127.65
2024-06-21 15:00:00,127.65
2024-06-21 16:00:00,141.84
2024-06-21 17:00:00,142.39
2024-06-21 18:00:00,158.98
2024-06-21 19:00:00,176.09
2024-06-21 20:00:00,176.0
2024-06-21 21:00:00,176.09
2024-06-21 22:00:00,150.35
2024-06-21 23:00:00,127.07
2024-06-22 00:00:00,155.75
2024-06-22 01:00:00,142.36
2024-06-22 02:00:00,132.48
2024-06-22 03:00:00,127.38
2024-06-22 04:00:00,122.22
2024-06-22 05:00:00,120.17
2024-06-22 06:00:00,126.64
2024-06-22 07:00:00,127.45
2024-06-22 08:00:00,190.9
2024-06-22 09:00:00,203.08
2024-06-22 10:00:00,394.77
2024-06-22 11:00:00,237.48
2024-06-22 12:00:00,193.03
2024-06-22 13:00:00,127.49
2024-06-22 14:00:00,127.28
2024-06-22 15:00:00,142.26
2024-06-22 16:00:00,142.67
2024-06-22 17:00:00,142.67
2024-06-22 18:00:00,166.65
2024-06-22 19:00:00,191.54
2024-06-22 20:00:00,180.75
2024-06-22 21:00:00,187.81
2024-06-22 22:00:00,155.9
2024-06-22 23:00:00,127.13
2024-06-23 00:00:00,126.73
2024-06-23 01:00:00,118.47
2024-06-23 02:00:00,105.91
2024-06-23 03:00:00,98.85
2024-06-23 04:00:00,98.85
2024-06-23 05:00:00,99.32
2024-06-23 06:00:00,106.37
2024-06-23 07:00:00,126.54
2024-06-23 08:00:00,127.28
2024-06-23 09:00:00,127.5
2024-06-23 10:00:00,127.29
2024-06-23 11:00:00,127.29
2024-06-23 12:00:00,119.91
2024-06-23 13:00:00,126.73
2024-06-23 14:00:00,111.82
2024-06-23 15:00:00,89.63
2024-06-23 16:00:00,123.96
2024-06-23 17:00:00,127.3
2024-06-23 18:00:00,141.85
2024-06-23 19:00:00,191.56
2024-06-23 20:00:00,213.52
2024-06-23 21:00:00,371.23
2024-06-23 22:00:00,210.0
2024-06-23 23:00:00,140.41
2024-06-24 00:00:00,174.37
2024-06-24 01:00:00,140.15
2024-06-24 02:00:00,137.09
2024-06-24 03:00:00,128.29
2024-06-24 04:00:00,127.7
2024-06-24 05:00:00,127.22
2024-06-24 06:00:00,130.06
2024-06-24 07:00:00,191.48
2024-06-24 08:00:00,232.44
2024-06-24 09:00:00,176.08
2024-06-24 10:00:00,177.17
2024-06-24 11:00:00,141.73
2024-06-24 12:00:00,127.32
2024-06-24 13:00:00,142.37
2024-06-24 14:00:00,127.6
2024-06-24 15:00:00,138.24
2024-06-24 16:00:00,174.18
2024-06-24 17:00:00,191.67
2024-06-24 18:00:00,293.65
2024-06-24 19:00:00,192.9
2024-06-24 20:00:00,189.17
2024-06-24 21:00:00,161.62
2024-06-24 22:00:00,169.84
2024-06-24 23:00:00,146.81
2024-06-25 00:00:00,177.05
2024-06-25 01:00:00,177.05
2024-06-25 02:00:00,161.52
2024-06-25 03:00:00,142.13
2024-06-25 04:00:00,142.12
2024-06-25 05:00:00,149.07
2024-06-25 06:00:00,199.23
2024-06-25 07:00:00,4500.0
2024-06-25 08:00:00,4500.0
2024-06-25 09:00:00,704.98
2024-06-25 10:00:00,493.24
2024-06-25 11:00:00,199.4
2024-06-25 12:00:00,182.7
2024-06-25 13:00:00,158.73
2024-06-25 14:00:00,141.78
2024-06-25 15:00:00,142.22
2024-06-25 16:00:00,382.88
2024-06-25 17:00:00,3076.46
2024-06-25 18:00:00,570.42
2024-06-25 19:00:00,565.81
2024-06-25 20:00:00,570.42
2024-06-25 21:00:00,451.53
2024-06-25 22:00:00,200.18
2024-06-25 23:00:00,198.83
2024-06-26 00:00:00,192.59
2024-06-26 01:00:00,172.34
2024-06-26 02:00:00,155.38
2024-06-26 03:00:00,141.64
2024-06-26 04:00:00,141.42
2024-06-26 05:00:00,141.64
2024-06-26 06:00:00,172.38
2024-06-26 07:00:00,401.74
2024-06-26 08:00:00,497.77
2024-06-26 09:00:00,539.03
2024-06-26 10:00:00,401.52
2024-06-26 11:00:00,177.51
2024-06-26 12:00:00,141.81
2024-06-26 13:00:00,162.25
2024-06-26 14:00:00,143.03
2024-06-26 15:00:00,141.87
2024-06-26 16:00:00,292.92
2024-06-26 17:00:00,457.96
2024-06-26 18:00:00,652.07
2024-06-26 19:00:00,658.45
2024-06-26 20:00:00,501.55
2024-06-26 21:00:00,723.88
2024-06-26 22:00:00,407.86
2024-06-26 23:00:00,314.33
2024-06-27 00:00:00,170.85
2024-06-27 01:00:00,142.11
2024-06-27 02:00:00,136.85
2024-06-27 03:00:00,131.76
2024-06-27 04:00:00,127.13
2024-06-27 05:00:00,127.06
2024-06-27 06:00:00,142.24
2024-06-27 07:00:00,235.83
2024-06-27 08:00:00,735.69
2024-06-27 09:00:00,728.85
2024-06-27 10:00:00,480.72
2024-06-27 11:00:00,3098.94
2024-06-27 12:00:00,227.59
2024-06-27 13:00:00,142.97
2024-06-27 14:00:00,142.86
2024-06-27 15:00:00,127.56
2024-06-27 16:00:00,177.14
2024-06-27 17:00:00,319.48
2024-06-27 18:00:00,319.48
2024-06-27 19:00:00,305.82
2024-06-27 20:00:00,273.32
2024-06-27 21:00:00,245.83
2024-06-27 22:00:00,179.33
2024-06-27 23:00:00,142.3
2024-06-28 00:00:00,142.28
2024-06-28 01:00:00,127.48
2024-06-28 02:00:00,127.08
2024-06-28 03:00:00,114.66
2024-06-28 04:00:00,115.16
2024-06-28 05:00:00,127.02
2024-06-28 06:00:00,141.61
2024-06-28 07:00:00,142.31
2024-06-28 08:00:00,207.38
2024-06-28 09:00:00,187.89
2024-06-28 10:00:00,141.72
2024-06-28 11:00:00,141.72
2024-06-28 12:00:00,127.11
2024-06-28 13:00:00,207.7
2024-06-28 14:00:00,227.62
2024-06-28 15:00:00,227.96
2024-06-28 16:00:00,389.73
2024-06-28 17:00:00,142.79
2024-06-28 18:00:00,149.81
2024-06-28 19:00:00,177.09
2024-06-28 20:00:00,221.31
2024-06-28 21:00:00,222.73
2024-06-28 22:00:00,144.76
2024-06-28 23:00:00,127.18
2024-06-29 00:00:00,127.36
2024-06-29 01:00:00,127.24
2024-06-29 02:00:00,110.0
2024-06-29 03:00:00,89.79
2024-06-29 04:00:00,89.78
2024-06-29 05:00:00,103.78
2024-06-29 06:00:00,118.6
2024-06-29 07:00:00,127.44
2024-06-29 08:00:00,145.21
2024-06-29 09:00:00,172.08
2024-06-29 10:00:00,191.6
2024-06-29 11:00:00,191.57
2024-06-29 12:00:00,116.46
2024-06-29 13:00:00,96.4
2024-06-29 14:00:00,89.01
2024-06-29 15:00:00,89.31
2024-06-29 16:00:00,126.74
2024-06-29 17:00:00,127.27
2024-06-29 18:00:00,142.71
2024-06-29 19:00:00,227.05
2024-06-29 20:00:00,177.13
2024-06-29 21:00:00,168.75
2024-06-29 22:00:00,161.28
2024-06-29 23:00:00,138.47
2024-06-30 00:00:00,132.41
2024-06-30 01:00:00,131.49
2024-06-30 02:00:00,126.9
2024-06-30 03:00:00,110.73
2024-06-30 04:00:00,109.46
2024-06-30 05:00:00,117.86
2024-06-30 06:00:00,122.07
2024-06-30 07:00:00,126.92
2024-06-30 08:00:00,127.13
2024-06-30 09:00:00,127.34
2024-06-30 10:00:00,127.27
2024-06-30 11:00:00,141.15
2024-06-30 12:00:00,146.05
2024-06-30 13:00:00,141.66
2024-06-30 14:00:00,106.44
2024-06-30 15:00:00,92.94
2024-06-30 16:00:00,91.25
2024-06-30 17:00:00,106.94
2024-06-30 18:00:00,127.47
2024-06-30 19:00:00,127.6
2024-06-30 20:00:00,141.82
2024-06-30 21:00:00,127.53
2024-06-30 22:00:00,105.86
2024-06-30 23:00:00,96.03
2024-07-01 00:00:00,95.61
2024-07-01 01:00:00,91.19
2024-07-01 02:00:00,89.7
2024-07-01 03:00:00,81.59
2024-07-01 04:00:00,74.56
2024-07-01 05:00:00,78.57
2024-07-01 06:00:00,81.3
2024-07-01 07:00:00,77.83
2024-07-01 08:00:00,113.74
2024-07-01 09:00:00,126.95
2024-07-01 10:00:00,103.86
2024-07-01 11:00:00,100.86
2024-07-01 12:00:00,98.47
2024-07-01 13:00:00,104.15
2024-07-01 14:00:00,127.51
2024-07-01 15:00:00,126.93
2024-07-01 16:00:00,111.91
2024-07-01 17:00:00,127.32
2024-07-01 18:00:00,127.15
2024-07-01 19:00:00,126.99
2024-07-01 20:00:00,126.98
2024-07-01 21:00:00,126.93
2024-07-01 22:00:00,104.04
2024-07-01 23:00:00,93.08
2024-07-02 00:00:00,73.45
2024-07-02 01:00:00,73.44
2024-07-02 02:00:00,87.78
2024-07-02 03:00:00,89.58
2024-07-02 04:00:00,89.59
2024-07-02 05:00:00,89.62
2024-07-02 06:00:00,89.65
2024-07-02 07:00:00,99.37
2024-07-02 08:00:00,130.16
2024-07-02 09:00:00,153.28
2024-07-02 10:00:00,132.23
2024-07-02 11:00:00,127.76
2024-07-02 12:00:00,97.93
2024-07-02 13:00:00,92.64
2024-07-02 14:00:00,93.35
2024-07-02 15:00:00,93.15
2024-07-02 16:00:00,93.86
2024-07-02 17:00:00,99.78
2024-07-02 18:00:00,127.69
2024-07-02 19:00:00,97.89
2024-07-02 20:00:00,106.81
2024-07-02 21:00:00,95.81
2024-07-02 22:00:00,90.76
2024-07-02 23:00:00,88.21
2024-07-03 00:00:00,88.2
2024-07-03 01:00:00,90.73
2024-07-03 02:00:00,90.71
2024-07-03 03:00:00,89.59
2024-07-03 04:00:00,89.59
2024-07-03 05:00:00,91.81
2024-07-03 06:00:00,93.0
2024-07-03 07:00:00,105.71
2024-07-03 08:00:00,109.92
2024-07-03 09:00:00,106.71
2024-07-03 10:00:00,98.11
2024-07-03 11:00:00,95.57
2024-07-03 12:00:00,97.07
2024-07-03 13:00:00,95.42
2024-07-03 14:00:00,95.59
2024-07-03 15:00:00,127.62
2024-07-03 16:00:00,127.59
2024-07-03 17:00:00,95.59
2024-07-03 18:00:00,95.58
2024-07-03 19:00:00,112.72
2024-07-03 20:00:00,125.07
2024-07-03 21:00:00,120.32
2024-07-03 22:00:00,125.07
2024-07-03 23:00:00,90.71
2024-07-04 00:00:00,93.4
2024-07-04 01:00:00,93.46
2024-07-04 02:00:00,93.0
2024-07-04 03:00:00,90.78
2024-07-04 04:00:00,89.86
2024-07-04 05:00:00,93.36
2024-07-04 06:00:00,95.5
2024-07-04 07:00:00,118.94
2024-07-04 08:00:00,117.73
2024-07-04 09:00:00,95.58
2024-07-04 10:00:00,95.57
2024-07-04 11:00:00,88.22
2024-07-04 12:00:00,90.59
2024-07-04 13:00:00,92.75
2024-07-04 14:00:00,90.74
2024-07-04 15:00:00,93.28
2024-07-04 16:00:00,98.62
2024-07-04 17:00:00,127.16
2024-07-04 18:00:00,127.68
2024-07-04 19:00:00,130.69
2024-07-04 20:00:00,130.73
2024-07-04 21:00:00,127.21
2024-07-04 22:00:00,98.79
2024-07-04 23:00:00,92.95
2024-07-05 00:00:00,90.85
2024-07-05 01:00:00,94.84
2024-07-05 02:00:00,90.79
2024-07-05 03:00:00,89.67
2024-07-05 04:00:00,89.67
2024-07-05 05:00:00,93.25
2024-07-05 06:00:00,100.7
2024-07-05 07:00:00,124.99
2024-07-05 08:00:00,130.12
2024-07-05 09:00:00,130.09
2024-07-05 10:00:00,178.72
2024-07-05 11:00:00,111.58
2024-07-05 12:00:00,88.21
2024-07-05 13:00:00,86.04
2024-07-05 14:00:00,88.22
2024-07-05 15:00:00,88.22
2024-07-05 16:00:00,94.82
2024-07-05 17:00:00,99.88
2024-07-05 18:00:00,118.76
2024-07-05 19:00:00,127.56
2024-07-05 20:00:00,120.25
2024-07-05 21:00:00,101.4
2024-07-05 22:00:00,88.21
2024-07-05 23:00:00,86.69
2024-07-06 00:00:00,104.15
2024-07-06 01:00:00,95.71
2024-07-06 02:00:00,93.95
2024-07-06 03:00:00,92.94
2024-07-06 04:00:00,92.35
2024-07-06 05:00:00,91.99
2024-07-06 06:00:00,92.95
2024-07-06 07:00:00,96.47
2024-07-06 08:00:00,112.76
2024-07-06 09:00:00,93.32
2024-07-06 10:00:00,94.54
2024-07-06 11:00:00,92.99
2024-07-06 12:00:00,91.37
2024-07-06 13:00:00,84.62
2024-07-06 14:00:00,90.74
2024-07-06 15:00:00,92.33
2024-07-06 16:00:00,91.79
2024-07-06 17:00:00,92.89
2024-07-06 18:00:00,93.32
2024-07-06 19:00:00,96.56
2024-07-06 20:00:00,97.64
2024-07-06 21:00:00,95.89
2024-07-06 22:00:00,94.94
2024-07-06 23:00:00,93.73
2024-07-07 00:00:00,97.57
2024-07-07 01:00:00,90.77
2024-07-07 02:00:00,90.76
2024-07-07 03:00:00,89.64
2024-07-07 04:00:00,89.64
2024-07-07 05:00:00,89.64
2024-07-07 06:00:00,89.67
2024-07-07 07:00:00,92.19
2024-07-07 08:00:00,92.32
2024-07-07 09:00:00,89.15
2024-07-07 10:00:00,84.75
2024-07-07 11:00:00,84.63
2024-07-07 12:00:00,73.28
2024-07-07 13:00:00,66.88
2024-07-07 14:00:00,66.88
2024-07-07 15:00:00,71.36
2024-07-07 16:00:00,92.16
2024-07-07 17:00:00,94.51
2024-07-07 18:00:00,93.28
2024-07-07 19:00:00,95.84
2024-07-07 20:00:00,110.02
2024-07-07 21:00:00,110.0
2024-07-07 22:00:00,98.03
2024-07-07 23:00:00,94.1
2024-07-08 00:00:00,100.42
2024-07-08 01:00:00,87.85
2024-07-08 02:00:00,88.9
2024-07-08 03:00:00,81.92
2024-07-08 04:00:00,81.92
2024-07-08 05:00:00,88.92
2024-07-08 06:00:00,84.66
2024-07-08 07:00:00,93.76
2024-07-08 08:00:00,104.68
2024-07-08 09:00:00,127.41
2024-07-08 10:00:00,127.47
2024-07-08 11:00:00,97.2
2024-07-08 12:00:00,84.24
2024-07-08 13:00:00,112.78
2024-07-08 14:00:00,130.51
2024-07-08 15:00:00,103.96
2024-07-08 16:00:00,130.67
2024-07-08 17:00:00,123.01
2024-07-08 18:00:00,104.52
2024-07-08 19:00:00,116.09
2024-07-08 20:00:00,109.51
2024-07-08 21:00:00,95.58
2024-07-08 22:00:00,84.25
2024-07-08 23:00:00,83.94
2024-07-09 00:00:00,82.77
2024-07-09 01:00:00,78.69
2024-07-09 02:00:00,84.39
2024-07-09 03:00:00,84.08
2024-07-09 04:00:00,84.3
2024-07-09 05:00:00,91.95
2024-07-09 06:00:00,89.73
2024-07-09 07:00:00,111.88
2024-07-09 08:00:00,116.54
2024-07-09 09:00:00,124.36
2024-07-09 10:00:00,99.59
2024-07-09 11:00:00,99.59
2024-07-09 12:00:00,97.88
2024-07-09 13:00:00,116.49
2024-07-09 14:00:00,127.62
2024-07-09 15:00:00,94.79
2024-07-09 16:00:00,85.9
2024-07-09 17:00:00,110.08
2024-07-09 18:00:00,96.91
2024-07-09 19:00:00,121.21
2024-07-09 20:00:00,130.63
2024-07-09 21:00:00,130.67
2024-07-09 22:00:00,127.34
2024-07-09 23:00:00,98.71
2024-07-10 00:00:00,98.73
2024-07-10 01:00:00,113.71
2024-07-10 02:00:00,95.87
2024-07-10 03:00:00,89.7
2024-07-10 04:00:00,83.92
2024-07-10 05:00:00,88.59
2024-07-10 06:00:00,93.63
2024-07-10 07:00:00,96.08
2024-07-10 08:00:00,101.14
2024-07-10 09:00:00,120.14
2024-07-10 10:00:00,95.53
2024-07-10 11:00:00,109.68
2024-07-10 12:00:00,90.3
2024-07-10 13:00:00,90.69
2024-07-10 14:00:00,94.44
2024-07-10 15:00:00,94.55
2024-07-10 16:00:00,93.71
2024-07-10 17:00:00,97.56
2024-07-10 18:00:00,114.13
2024-07-10 19:00:00,130.14
2024-07-10 20:00:00,127.49
2024-07-10 21:00:00,96.87
2024-07-10 22:00:00,84.27
2024-07-10 23:00:00,83.96
2024-07-11 00:00:00,91.83
2024-07-11 01:00:00,91.82
2024-07-11 02:00:00,91.82
2024-07-11 03:00:00,90.76
2024-07-11 04:00:00,90.78
2024-07-11 05:00:00,92.21
2024-07-11 06:00:00,98.78
2024-07-11 07:00:00,98.22
2024-07-11 08:00:00,124.65
2024-07-11 09:00:00,125.01
2024-07-11 10:00:00,95.72
2024-07-11 11:00:00,87.97
2024-07-11 12:00:00,87.97
2024-07-11 13:00:00,87.92
2024-07-11 14:00:00,87.21
2024-07-11 15:00:00,88.85
2024-07-11 16:00:00,93.22
2024-07-11 17:00:00,95.88
2024-07-11 18:00:00,119.51
2024-07-11 19:00:00,127.43
2024-07-11 20:00:00,127.46
2024-07-11 21:00:00,100.64
2024-07-11 22:00:00,91.79
2024-07-11 23:00:00,87.21
2024-07-12 00:00:00,94.76
2024-07-12 01:00:00,94.75
2024-07-12 02:00:00,92.93
2024-07-12 03:00:00,91.62
2024-07-12 04:00:00,90.77
2024-07-12 05:00:00,96.39
2024-07-12 06:00:00,100.92
2024-07-12 07:00:00,107.65
2024-07-12 08:00:00,127.29
2024-07-12 09:00:00,127.39
2024-07-12 10:00:00,125.64
2024-07-12 11:00:00,101.06
2024-07-12 12:00:00,98.01
2024-07-12 13:00:00,93.52
2024-07-12 14:00:00,130.68
2024-07-12 15:00:00,130.41
2024-07-12 16:00:00,132.19
2024-07-12 17:00:00,130.14
2024-07-12 18:00:00,106.23
2024-07-12 19:00:00,107.72
2024-07-12 20:00:00,102.08
2024-07-12 21:00:00,94.65
2024-07-12 22:00:00,87.5
2024-07-12 23:00:00,83.85
2024-07-13 00:00:00,106.63
2024-07-13 01:00:00,96.12
2024-07-13 02:00:00,91.99
2024-07-13 03:00:00,89.13
2024-07-13 04:00:00,89.15
2024-07-13 05:00:00,89.72
2024-07-13 06:00:00,91.76
2024-07-13 07:00:00,99.78
2024-07-13 08:00:00,116.47
2024-07-13 09:00:00,107.64
2024-07-13 10:00:00,104.53
2024-07-13 11:00:00,96.8
2024-07-13 12:00:00,91.11
2024-07-13 13:00:00,91.64
2024-07-13 14:00:00,84.31
2024-07-13 15:00:00,91.11
2024-07-13 16:00:00,94.47
2024-07-13 17:00:00,97.54
2024-07-13 18:00:00,107.62
2024-07-13 19:00:00,125.69
2024-07-13 20:00:00,127.42
2024-07-13 21:00:00,124.94
2024-07-13 22:00:00,121.81
2024-07-13 23:00:00,121.78
2024-07-14 00:00:00,108.8
2024-07-14 01:00:00,108.3
2024-07-14 02:00:00,98.28
2024-07-14 03:00:00,97.52
2024-07-14 04:00:00,97.34
2024-07-14 05:00:00,97.33
2024-07-14 06:00:00,97.8
2024-07-14 07:00:00,98.28
2024-07-14 08:00:00,103.68
2024-07-14 09:00:00,97.78
2024-07-14 10:00:00,94.31
2024-07-14 11:00:00,91.1
2024-07-14 12:00:00,80.64
2024-07-14 13:00:00,80.64
2024-07-14 14:00:00,94.3
2024-07-14 15:00:00,91.6
2024-07-14 16:00:00,91.1
2024-07-14 17:00:00,93.5
2024-07-14 18:00:00,96.06
2024-07-14 19:00:00,109.59
2024-07-14 20:00:00,116.78
2024-07-14 21:00:00,114.8
2024-07-14 22:00:00,110.6
2024-07-14 23:00:00,108.78
2024-07-15 00:00:00,108.04
2024-07-15 01:00:00,95.36
2024-07-15 02:00:00,93.59
2024-07-15 03:00:00,90.57
2024-07-15 04:00:00,90.57
2024-07-15 05:00:00,96.92
2024-07-15 06:00:00,98.47
2024-07-15 07:00:00,98.69
2024-07-15 08:00:00,105.16
2024-07-15 09:00:00,99.97
2024-07-15 10:00:00,96.86
2024-07-15 11:00:00,95.88
2024-07-15 12:00:00,84.63
2024-07-15 13:00:00,96.88
2024-07-15 14:00:00,84.63
2024-07-15 15:00:00,84.63
2024-07-15 16:00:00,95.32
2024-07-15 17:00:00,99.94
2024-07-15 18:00:00,112.64
2024-07-15 19:00:00,118.48
2024-07-15 20:00:00,114.19
2024-07-15 21:00:00,111.75
2024-07-15 22:00:00,111.58
2024-07-15 23:00:00,99.29
2024-07-16 00:00:00,108.49
2024-07-16 01:00:00,98.44
2024-07-16 02:00:00,96.92
2024-07-16 03:00:00,94.59
2024-07-16 04:00:00,94.73
2024-07-16 05:00:00,98.67
2024-07-16 06:00:00,111.97
2024-07-16 07:00:00,127.39
2024-07-16 08:00:00,130.11
2024-07-16 09:00:00,127.31
2024-07-16 10:00:00,130.05
2024-07-16 11:00:00,127.47
2024-07-16 12:00:00,103.13
2024-07-16 13:00:00,95.53
2024-07-16 14:00:00,96.84
2024-07-16 15:00:00,93.73
2024-07-16 16:00:00,103.59
2024-07-16 17:00:00,107.2
2024-07-16 18:00:00,118.26
2024-07-16 19:00:00,127.47
2024-07-16 20:00:00,129.34
2024-07-16 21:00:00,127.48
2024-07-16 22:00:00,127.46
2024-07-16 23:00:00,124.14
2024-07-17 00:00:00,114.94
2024-07-17 01:00:00,107.9
2024-07-17 02:00:00,105.27
2024-07-17 03:00:00,105.32
2024-07-17 04:00:00,105.35
2024-07-17 05:00:00,111.98
2024-07-17 06:00:00,125.93
2024-07-17 07:00:00,128.85
2024-07-17 08:00:00,132.15
2024-07-17 09:00:00,130.51
2024-07-17 10:00:00,127.48
2024-07-17 11:00:00,120.54
2024-07-17 12:00:00,127.47
2024-07-17 13:00:00,111.06
2024-07-17 14:00:00,119.71
2024-07-17 15:00:00,101.78
2024-07-17 16:00:00,101.74
2024-07-17 17:00:00,111.61
2024-07-17 18:00:00,127.53
2024-07-17 19:00:00,130.51
2024-07-17 20:00:00,130.18
2024-07-17 21:00:00,130.18
2024-07-17 22:00:00,130.63
2024-07-17 23:00:00,127.52
2024-07-18 00:00:00,127.44
2024-07-18 01:00:00,125.05
2024-07-18 02:00:00,118.69
2024-07-18 03:00:00,112.22
2024-07-18 04:00:00,113.03
2024-07-18 05:00:00,125.06
2024-07-18 06:00:00,127.29
2024-07-18 07:00:00,128.85
2024-07-18 08:00:00,167.29
2024-07-18 09:00:00,143.11
2024-07-18 10:00:00,139.0
2024-07-18 11:00:00,118.36
2024-07-18 12:00:00,110.63
2024-07-18 13:00:00,112.76
2024-07-18 14:00:00,113.52
2024-07-18 15:00:00,113.62
2024-07-18 16:00:00,122.05
2024-07-18 17:00:00,130.04
2024-07-18 18:00:00,132.22
2024-07-18 19:00:00,162.12
2024-07-18 20:00:00,152.33
2024-07-18 21:00:00,140.51
2024-07-18 22:00:00,140.21
2024-07-18 23:00:00,130.62
2024-07-19 00:00:00,222.26
2024-07-19 01:00:00,131.95
2024-07-19 02:00:00,128.88
2024-07-19 03:00:00,128.72
2024-07-19 04:00:00,127.41
2024-07-19 05:00:00,127.42
2024-07-19 06:00:00,127.84
2024-07-19 07:00:00,130.55
2024-07-19 08:00:00,188.35
2024-07-19 09:00:00,187.65
2024-07-19 10:00:00,130.66
2024-07-19 11:00:00,127.48
2024-07-19 12:00:00,111.67
2024-07-19 13:00:00,127.57
2024-07-19 14:00:00,112.59
2024-07-19 15:00:00,119.11
2024-07-19 16:00:00,126.3
2024-07-19 17:00:00,130.72
2024-07-19 18:00:00,140.18
2024-07-19 19:00:00,213.18
2024-07-19 20:00:00,138.48
2024-07-19 21:00:00,139.19
2024-07-19 22:00:00,135.93
2024-07-19 23:00:00,132.23
2024-07-20 00:00:00,128.65
2024-07-20 01:00:00,128.69
2024-07-20 02:00:00,127.49
2024-07-20 03:00:00,125.99
2024-07-20 04:00:00,125.99
2024-07-20 05:00:00,126.5
2024-07-20 06:00:00,126.0
2024-07-20 07:00:00,131.56
2024-07-20 08:00:00,186.64
2024-07-20 09:00:00,177.18
2024-07-20 10:00:00,128.81
2024-07-20 11:00:00,118.96
2024-07-20 12:00:00,113.5
2024-07-20 13:00:00,105.79
2024-07-20 14:00:00,109.09
2024-07-20 15:00:00,119.12
2024-07-20 16:00:00,115.47
2024-07-20 17:00:00,124.24
2024-07-20 18:00:00,131.69
2024-07-20 19:00:00,167.29
2024-07-20 20:00:00,167.3
2024-07-20 21:00:00,167.3
2024-07-20 22:00:00,131.93
2024-07-20 23:00:00,128.71
2024-07-21 00:00:00,182.65
2024-07-21 01:00:00,128.75
2024-07-21 02:00:00,127.5
2024-07-21 03:00:00,124.93
2024-07-21 04:00:00,124.94
2024-07-21 05:00:00,121.91
2024-07-21 06:00:00,121.85
2024-07-21 07:00:00,124.97
2024-07-21 08:00:00,122.21
2024-07-21 09:00:00,108.67
2024-07-21 10:00:00,94.94
2024-07-21 11:00:00,78.57
2024-07-21 12:00:00,73.59
2024-07-21 13:00:00,66.38
2024-07-21 14:00:00,73.24
2024-07-21 15:00:00,78.35
2024-07-21 16:00:00,80.61
2024-07-21 17:00:00,100.1
2024-07-21 18:00:00,125.0
2024-07-21 19:00:00,152.5
2024-07-21 20:00:00,182.85
2024-07-21 21:00:00,189.66
2024-07-21 22:00:00,241.04
2024-07-21 23:00:00,182.82
2024-07-22 00:00:00,180.55
2024-07-22 01:00:00,132.77
2024-07-22 02:00:00,181.04
2024-07-22 03:00:00,180.62
2024-07-22 04:00:00,180.62
2024-07-22 05:00:00,167.35
2024-07-22 06:00:00,130.6
2024-07-22 07:00:00,180.75
2024-07-22 08:00:00,390.91
2024-07-22 09:00:00,4206.14
2024-07-22 10:00:00,186.63
2024-07-22 11:00:00,181.38
2024-07-22 12:00:00,136.03
2024-07-22 13:00:00,130.79
2024-07-22 14:00:00,127.41
2024-07-22 15:00:00,112.54
2024-07-22 16:00:00,127.56
2024-07-22 17:00:00,121.86
2024-07-22 18:00:00,127.81
2024-07-22 19:00:00,130.76
2024-07-22 20:00:00,141.3
2024-07-22 21:00:00,133.17
2024-07-22 22:00:00,131.52
2024-07-22 23:00:00,130.62
2024-07-23 00:00:00,177.32
2024-07-23 01:00:00,130.72
2024-07-23 02:00:00,127.53
2024-07-23 03:00:00,127.46
2024-07-23 04:00:00,127.46
2024-07-23 05:00:00,128.74
2024-07-23 06:00:00,128.79
2024-07-23 07:00:00,152.57
2024-07-23 08:00:00,213.19
2024-07-23 09:00:00,246.03
2024-07-23 10:00:00,161.16
2024-07-23 11:00:00,130.6
2024-07-23 12:00:00,127.56
2024-07-23 13:00:00,115.7
2024-07-23 14:00:00,123.03
2024-07-23 15:00:00,127.6
2024-07-23 16:00:00,131.45
2024-07-23 17:00:00,159.67
2024-07-23 18:00:00,169.22
2024-07-23 19:00:00,240.58
2024-07-23 20:00:00,392.59
2024-07-23 21:00:00,213.28
2024-07-23 22:00:00,180.64
2024-07-23 23:00:00,130.8
2024-07-24 00:00:00,130.78
2024-07-24 01:00:00,127.6
2024-07-24 02:00:00,126.95
2024-07-24 03:00:00,124.98
2024-07-24 04:00:00,127.47
2024-07-24 05:00:00,127.44
2024-07-24 06:00:00,127.52
2024-07-24 07:00:00,134.89
2024-07-24 08:00:00,228.23
2024-07-24 09:00:00,185.87
2024-07-24 10:00:00,132.2
2024-07-24 11:00:00,132.3
2024-07-24 12:00:00,111.59
2024-07-24 13:00:00,110.87
2024-07-24 14:00:00,110.57
2024-07-24 15:00:00,130.11
2024-07-24 16:00:00,157.01
2024-07-24 17:00:00,132.3
2024-07-24 18:00:00,157.02
2024-07-24 19:00:00,185.96
2024-07-24 20:00:00,185.81
2024-07-24 21:00:00,185.71
2024-07-24 22:00:00,167.42
2024-07-24 23:00:00,130.26
2024-07-25 00:00:00,126.95
2024-07-25 01:00:00,125.02
2024-07-25 02:00:00,121.86
2024-07-25 03:00:00,112.34
2024-07-25 04:00:00,110.13
2024-07-25 05:00:00,121.84
2024-07-25 06:00:00,123.84
2024-07-25 07:00:00,130.61
2024-07-25 08:00:00,187.66
2024-07-25 09:00:00,167.45
2024-07-25 10:00:00,132.29
2024-07-25 11:00:00,127.54
2024-07-25 12:00:00,97.42
2024-07-25 13:00:00,111.68
2024-07-25 14:00:00,116.61
2024-07-25 15:00:00,98.65
2024-07-25 16:00:00,122.13
2024-07-25 17:00:00,127.54
2024-07-25 18:00:00,130.11
2024-07-25 19:00:00,138.74
2024-07-25 20:00:00,167.57
2024-07-25 21:00:00,132.41
2024-07-25 22:00:00,130.07
2024-07-25 23:00:00,187.82
2024-07-26 00:00:00,128.76
2024-07-26 01:00:00,127.49
2024-07-26 02:00:00,126.12
2024-07-26 03:00:00,124.92
2024-07-26 04:00:00,124.92
2024-07-26 05:00:00,126.96
2024-07-26 06:00:00,127.06
2024-07-26 07:00:00,130.53
2024-07-26 08:00:00,186.05
2024-07-26 09:00:00,187.79
2024-07-26 10:00:00,141.43
2024-07-26 11:00:00,130.46
2024-07-26 12:00:00,124.22
2024-07-26 13:00:00,156.83
2024-07-26 14:00:00,119.77
2024-07-26 15:00:00,124.94
2024-07-26 16:00:00,130.69
2024-07-26 17:00:00,138.84
2024-07-26 18:00:00,132.06
2024-07-26 19:00:00,181.03
2024-07-26 20:00:00,181.04
2024-07-26 21:00:00,180.9
2024-07-26 22:00:00,138.92
2024-07-26 23:00:00,130.73
2024-07-27 00:00:00,121.19
2024-07-27 01:00:00,127.48
2024-07-27 02:00:00,127.42
2024-07-27 03:00:00,125.49
2024-07-27 04:00:00,121.1
2024-07-27 05:00:00,124.91
2024-07-27 06:00:00,126.17
2024-07-27 07:00:00,152.48
2024-07-27 08:00:00,202.86
2024-07-27 09:00:00,130.86
2024-07-27 10:00:00,126.21
2024-07-27 11:00:00,109.9
2024-07-27 12:00:00,80.17
2024-07-27 13:00:00,80.57
2024-07-27 14:00:00,103.13
2024-07-27 15:00:00,95.74
2024-07-27 16:00:00,92.64
2024-07-27 17:00:00,93.53
2024-07-27 18:00:00,125.03
2024-07-27 19:00:00,128.79
2024-07-27 20:00:00,131.6
2024-07-27 21:00:00,131.61
2024-07-27 22:00:00,128.79
2024-07-27 23:00:00,127.57
2024-07-28 00:00:00,127.51
2024-07-28 01:00:00,125.12
2024-07-28 02:00:00,114.02
2024-07-28 03:00:00,108.48
2024-07-28 04:00:00,107.33
2024-07-28 05:00:00,104.3
2024-07-28 06:00:00,104.29
2024-07-28 07:00:00,112.64
2024-07-28 08:00:00,113.34
2024-07-28 09:00:00,93.54
2024-07-28 10:00:00,86.71
2024-07-28 11:00:00,80.57
2024-07-28 12:00:00,77.41
2024-07-28 13:00:00,73.78
2024-07-28 14:00:00,77.41
2024-07-28 15:00:00,80.58
2024-07-28 16:00:00,83.38
2024-07-28 17:00:00,90.7
2024-07-28 18:00:00,116.57
2024-07-28 19:00:00,127.53
2024-07-28 20:00:00,131.73
2024-07-28 21:00:00,131.74
2024-07-28 22:00:00,131.74
2024-07-28 23:00:00,127.2
2024-07-29 00:00:00,170.89
2024-07-29 01:00:00,122.27
2024-07-29 02:00:00,111.73
2024-07-29 03:00:00,108.07
2024-07-29 04:00:00,107.63
2024-07-29 05:00:00,111.71
2024-07-29 06:00:00,118.98
2024-07-29 07:00:00,127.45
2024-07-29 08:00:00,167.33
2024-07-29 09:00:00,140.36
2024-07-29 10:00:00,131.12
2024-07-29 11:00:00,127.55
2024-07-29 12:00:00,99.32
2024-07-29 13:00:00,121.09
2024-07-29 14:00:00,122.37
2024-07-29 15:00:00,110.82
2024-07-29 16:00:00,122.38
2024-07-29 17:00:00,130.73
2024-07-29 18:00:00,137.4
2024-07-29 19:00:00,150.76
2024-07-29 20:00:00,183.27
2024-07-29 21:00:00,171.33
2024-07-29 22:00:00,167.62
2024-07-29 23:00:00,130.71
2024-07-30 00:00:00,127.53
2024-07-30 01:00:00,125.07
2024-07-30 02:00:00,122.09
2024-07-30 03:00:00,112.04
2024-07-30 04:00:00,112.31
2024-07-30 05:00:00,118.92
2024-07-30 06:00:00,122.16
2024-07-30 07:00:00,131.12
2024-07-30 08:00:00,180.34
2024-07-30 09:00:00,180.42
2024-07-30 10:00:00,130.69
2024-07-30 11:00:00,128.82
2024-07-30 12:00:00,109.56
2024-07-30 13:00:00,105.59
2024-07-30 14:00:00,119.43
2024-07-30 15:00:00,112.34
2024-07-30 16:00:00,130.57
2024-07-30 17:00:00,132.11
2024-07-30 18:00:00,180.14
2024-07-30 19:00:00,180.41
2024-07-30 20:00:00,180.84
2024-07-30 21:00:00,180.85
2024-07-30 22:00:00,179.9
2024-07-30 23:00:00,140.99
2024-07-31 00:00:00,127.5
2024-07-31 01:00:00,127.57
2024-07-31 02:00:00,121.89
2024-07-31 03:00:00,112.81
2024-07-31 04:00:00,112.81
2024-07-31 05:00:00,121.79
2024-07-31 06:00:00,125.05
2024-07-31 07:00:00,130.59
2024-07-31 08:00:00,180.73
2024-07-31 09:00:00,181.06
2024-07-31 10:00:00,130.56
2024-07-31 11:00:00,130.69
2024-07-31 12:00:00,95.64
2024-07-31 13:00:00,110.88
2024-07-31 14:00:00,127.52
2024-07-31 15:00:00,115.9
2024-07-31 16:00:00,134.97
2024-07-31 17:00:00,165.83
2024-07-31 18:00:00,138.17
2024-07-31 19:00:00,130.69
2024-07-31 20:00:00,131.24
2024-07-31 21:00:00,130.7
2024-07-31 22:00:00,130.15
2024-07-31 23:00:00,121.21
2024-08-01 00:00:00,94.35
2024-08-01 01:00:00,98.63
2024-08-01 02:00:00,90.61
2024-08-01 03:00:00,90.08
2024-08-01 04:00:00,90.08
2024-08-01 05:00:00,94.0
2024-08-01 06:00:00,96.56
2024-08-01 07:00:00,114.91
2024-08-01 08:00:00,128.83
2024-08-01 09:00:00,123.68
2024-08-01 10:00:00,115.91
2024-08-01 11:00:00,103.14
2024-08-01 12:00:00,92.83
2024-08-01 13:00:00,93.91
2024-08-01 14:00:00,98.6
2024-08-01 15:00:00,93.35
2024-08-01 16:00:00,115.91
2024-08-01 17:00:00,127.65
2024-08-01 18:00:00,127.64
2024-08-01 19:00:00,131.71
2024-08-01 20:00:00,133.34
2024-08-01 21:00:00,131.6
2024-08-01 22:00:00,128.86
2024-08-01 23:00:00,95.1
2024-08-02 00:00:00,107.89
2024-08-02 01:00:00,108.41
2024-08-02 02:00:00,100.9
2024-08-02 03:00:00,93.08
2024-08-02 04:00:00,93.08
2024-08-02 05:00:00,107.89
2024-08-02 06:00:00,108.35
2024-08-02 07:00:00,121.01
2024-08-02 08:00:00,131.6
2024-08-02 09:00:00,131.7
2024-08-02 10:00:00,128.85
2024-08-02 11:00:00,115.56
2024-08-02 12:00:00,106.53
2024-08-02 13:00:00,98.6
2024-08-02 14:00:00,110.44
2024-08-02 15:00:00,123.78
2024-08-02 16:00:00,130.08
2024-08-02 17:00:00,159.17
2024-08-02 18:00:00,128.84
2024-08-02 19:00:00,130.12
2024-08-02 20:00:00,128.78
2024-08-02 21:00:00,128.78
2024-08-02 22:00:00,117.44
2024-08-02 23:00:00,110.03
2024-08-03 00:00:00,96.23
2024-08-03 01:00:00,106.83
2024-08-03 02:00:00,100.96
2024-08-03 03:00:00,97.21
2024-08-03 04:00:00,95.27
2024-08-03 05:00:00,98.29
2024-08-03 06:00:00,96.73
2024-08-03 07:00:00,111.42
2024-08-03 08:00:00,124.98
2024-08-03 09:00:00,118.92
2024-08-03 10:00:00,110.43
2024-08-03 11:00:00,98.6
2024-08-03 12:00:00,89.12
2024-08-03 13:00:00,82.75
2024-08-03 14:00:00,87.47
2024-08-03 15:00:00,87.47
2024-08-03 16:00:00,89.7
2024-08-03 17:00:00,96.91
2024-08-03 18:00:00,107.39
2024-08-03 19:00:00,125.09
2024-08-03 20:00:00,123.99
2024-08-03 21:00:00,128.81
2024-08-03 22:00:00,125.09
2024-08-03 23:00:00,119.54
2024-08-04 00:00:00,128.85
2024-08-04 01:00:00,125.15
2024-08-04 02:00:00,125.17
2024-08-04 03:00:00,118.2
2024-08-04 04:00:00,114.53
2024-08-04 05:00:00,113.14
2024-08-04 06:00:00,110.42
2024-08-04 07:00:00,111.97
2024-08-04 08:00:00,111.8
2024-08-04 09:00:00,106.14
2024-08-04 10:00:00,110.88
2024-08-04 11:00:00,110.54
2024-08-04 12:00:00,89.39
2024-08-04 13:00:00,78.57
2024-08-04 14:00:00,88.57
2024-08-04 15:00:00,94.12
2024-08-04 16:00:00,96.79
2024-08-04 17:00:00,95.34
2024-08-04 18:00:00,93.32
2024-08-04 19:00:00,100.86
2024-08-04 20:00:00,114.66
2024-08-04 21:00:00,114.68
2024-08-04 22:00:00,102.67
2024-08-04 23:00:00,92.29
2024-08-05 00:00:00,91.78
2024-08-05 01:00:00,87.61
2024-08-05 02:00:00,88.25
2024-08-05 03:00:00,84.92
2024-08-05 04:00:00,84.91
2024-08-05 05:00:00,86.77
2024-08-05 06:00:00,87.53
2024-08-05 07:00:00,93.29
2024-08-05 08:00:00,110.44
2024-08-05 09:00:00,113.71
2024-08-05 10:00:00,109.86
2024-08-05 11:00:00,91.57
2024-08-05 12:00:00,91.11
2024-08-05 13:00:00,92.56
2024-08-05 14:00:00,91.11
2024-08-05 15:00:00,94.11
2024-08-05 16:00:00,131.83
2024-08-05 17:00:00,115.55
2024-08-05 18:00:00,108.52
2024-08-05 19:00:00,115.83
2024-08-05 20:00:00,109.82
2024-08-05 21:00:00,128.86
2024-08-05 22:00:00,115.44
2024-08-05 23:00:00,105.47
2024-08-06 00:00:00,88.34
2024-08-06 01:00:00,88.45
2024-08-06 02:00:00,88.13
2024-08-06 03:00:00,87.72
2024-08-06 04:00:00,86.94
2024-08-06 05:00:00,89.61
2024-08-06 06:00:00,97.1
2024-08-06 07:00:00,109.46
2024-08-06 08:00:00,122.52
2024-08-06 09:00:00,118.73
2024-08-06 10:00:00,92.73
2024-08-06 11:00:00,88.29
2024-08-06 12:00:00,88.29
2024-08-06 13:00:00,89.2
2024-08-06 14:00:00,89.23
2024-08-06 15:00:00,93.47
2024-08-06 16:00:00,102.82
2024-08-06 17:00:00,93.48
2024-08-06 18:00:00,96.25
2024-08-06 19:00:00,120.92
2024-08-06 20:00:00,124.81
2024-08-06 21:00:00,129.01
2024-08-06 22:00:00,116.64
2024-08-06 23:00:00,102.37
2024-08-07 00:00:00,85.77
2024-08-07 01:00:00,78.51
2024-08-07 02:00:00,82.21
2024-08-07 03:00:00,85.85
2024-08-07 04:00:00,85.51
2024-08-07 05:00:00,87.49
2024-08-07 06:00:00,94.3
2024-08-07 07:00:00,107.33
2024-08-07 08:00:00,124.79
2024-08-07 09:00:00,124.8
2024-08-07 10:00:00,114.47
2024-08-07 11:00:00,94.18
2024-08-07 12:00:00,98.62
2024-08-07 13:00:00,103.83
2024-08-07 14:00:00,107.52
2024-08-07 15:00:00,124.79
2024-08-07 16:00:00,124.79
2024-08-07 17:00:00,124.8
2024-08-07 18:00:00,110.77
2024-08-07 19:00:00,124.8
2024-08-07 20:00:00,124.81
2024-08-07 21:00:00,121.23
2024-08-07 22:00:00,115.46
2024-08-07 23:00:00,108.04
2024-08-08 00:00:00,85.69
2024-08-08 01:00:00,97.06
2024-08-08 02:00:00,88.1
2024-08-08 03:00:00,87.54
2024-08-08 04:00:00,85.64
2024-08-08 05:00:00,93.16
2024-08-08 06:00:00,100.14
2024-08-08 07:00:00,105.99
2024-08-08 08:00:00,124.79
2024-08-08 09:00:00,118.3
2024-08-08 10:00:00,108.96
2024-08-08 11:00:00,115.54
2024-08-08 12:00:00,89.66
2024-08-08 13:00:00,94.44
2024-08-08 14:00:00,95.01
2024-08-08 15:00:00,95.01
2024-08-08 16:00:00,94.46
2024-08-08 17:00:00,95.01
2024-08-08 18:00:00,103.14
2024-08-08 19:00:00,115.81
2024-08-08 20:00:00,124.83
2024-08-08 21:00:00,115.67
2024-08-08 22:00:00,100.03
2024-08-08 23:00:00,92.0
2024-08-09 00:00:00,118.33
2024-08-09 01:00:00,117.57
2024-08-09 02:00:00,104.04
2024-08-09 03:00:00,90.05
2024-08-09 04:00:00,87.75
2024-08-09 05:00:00,96.83
2024-08-09 06:00:00,92.86
2024-08-09 07:00:00,94.39
2024-08-09 08:00:00,98.6
2024-08-09 09:00:00,92.87
2024-08-09 10:00:00,92.58
2024-08-09 11:00:00,87.38
2024-08-09 12:00:00,79.46
2024-08-09 13:00:00,80.59
2024-08-09 14:00:00,80.6
2024-08-09 15:00:00,79.46
2024-08-09 16:00:00,88.76
2024-08-09 17:00:00,95.05
2024-08-09 18:00:00,107.85
2024-08-09 19:00:00,115.26
2024-08-09 20:00:00,115.58
2024-08-09 21:00:00,109.43
2024-08-09 22:00:00,98.63
2024-08-09 23:00:00,92.51
2024-08-10 00:00:00,92.91
2024-08-10 01:00:00,91.7
2024-08-10 02:00:00,87.82
2024-08-10 03:00:00,87.44
2024-08-10 04:00:00,86.04
2024-08-10 05:00:00,86.04
2024-08-10 06:00:00,85.16
2024-08-10 07:00:00,88.37
2024-08-10 08:00:00,88.44
2024-08-10 09:00:00,90.79
2024-08-10 10:00:00,91.12
2024-08-10 11:00:00,78.67
2024-08-10 12:00:00,89.59
2024-08-10 13:00:00,85.37
2024-08-10 14:00:00,89.6
2024-08-10 15:00:00,88.98
2024-08-10 16:00:00,89.0
2024-08-10 17:00:00,78.16
2024-08-10 18:00:00,78.68
2024-08-10 19:00:00,89.62
2024-08-10 20:00:00,93.45
2024-08-10 21:00:00,93.45
2024-08-10 22:00:00,92.7
2024-08-10 23:00:00,89.63
2024-08-11 00:00:00,85.34
2024-08-11 01:00:00,85.33
2024-08-11 02:00:00,80.65
2024-08-11 03:00:00,80.16
2024-08-11 04:00:00,80.26
2024-08-11 05:00:00,84.2
2024-08-11 06:00:00,81.06
2024-08-11 07:00:00,84.32
2024-08-11 08:00:00,87.87
2024-08-11 09:00:00,85.54
2024-08-11 10:00:00,84.22
2024-08-11 11:00:00,83.93
2024-08-11 12:00:00,69.18
2024-08-11 13:00:00,68.46
2024-08-11 14:00:00,69.18
2024-08-11 15:00:00,69.3
2024-08-11 16:00:00,73.98
2024-08-11 17:00:00,77.53
2024-08-11 18:00:00,78.31
2024-08-11 19:00:00,94.88
2024-08-11 20:00:00,107.36
2024-08-11 21:00:00,108.11
2024-08-11 22:00:00,100.1
2024-08-11 23:00:00,89.65
2024-08-12 00:00:00,85.76
2024-08-12 01:00:00,86.26
2024-08-12 02:00:00,81.21
2024-08-12 03:00:00,80.69
2024-08-12 04:00:00,80.64
2024-08-12 05:00:00,85.36
2024-08-12 06:00:00,86.48
2024-08-12 07:00:00,93.93
2024-08-12 08:00:00,116.86
2024-08-12 09:00:00,107.7
2024-08-12 10:00:00,87.63
2024-08-12 11:00:00,81.3
2024-08-12 12:00:00,80.18
2024-08-12 13:00:00,87.56
2024-08-12 14:00:00,105.54
2024-08-12 15:00:00,114.87
2024-08-12 16:00:00,98.58
2024-08-12 17:00:00,124.91
2024-08-12 18:00:00,113.62
2024-08-12 19:00:00,120.53
2024-08-12 20:00:00,127.53
2024-08-12 21:00:00,124.94
2024-08-12 22:00:00,110.54
2024-08-12 23:00:00,105.24
2024-08-13 00:00:00,89.68
2024-08-13 01:00:00,89.25
2024-08-13 02:00:00,87.79
2024-08-13 03:00:00,86.13
2024-08-13 04:00:00,86.13
2024-08-13 05:00:00,87.89
2024-08-13 06:00:00,88.78
2024-08-13 07:00:00,95.72
2024-08-13 08:00:00,125.75
2024-08-13 09:00:00,131.35
2024-08-13 10:00:00,125.64
2024-08-13 11:00:00,95.99
2024-08-13 12:00:00,89.68
2024-08-13 13:00:00,92.95
2024-08-13 14:00:00,97.04
2024-08-13 15:00:00,124.94
2024-08-13 16:00:00,112.56
2024-08-13 17:00:00,120.56
2024-08-13 18:00:00,120.55
2024-08-13 19:00:00,124.94
2024-08-13 20:00:00,129.0
2024-08-13 21:00:00,123.2
2024-08-13 22:00:00,108.05
2024-08-13 23:00:00,97.11
2024-08-14 00:00:00,88.84
2024-08-14 01:00:00,89.56
2024-08-14 02:00:00,88.8
2024-08-14 03:00:00,88.17
2024-08-14 04:00:00,88.17
2024-08-14 05:00:00,88.79
2024-08-14 06:00:00,91.5
2024-08-14 07:00:00,105.97
2024-08-14 08:00:00,128.98
2024-08-14 09:00:00,133.32
2024-08-14 10:00:00,131.42
2024-08-14 11:00:00,124.86
2024-08-14 12:00:00,101.34
2024-08-14 13:00:00,124.91
2024-08-14 14:00:00,116.85
2024-08-14 15:00:00,109.21
2024-08-14 16:00:00,124.86
2024-08-14 17:00:00,124.85
2024-08-14 18:00:00,98.74
2024-08-14 19:00:00,109.7
2024-08-14 20:00:00,109.1
2024-08-14 21:00:00,95.49
2024-08-14 22:00:00,100.57
2024-08-14 23:00:00,93.56
2024-08-15 00:00:00,88.93
2024-08-15 01:00:00,88.89
2024-08-15 02:00:00,88.37
2024-08-15 03:00:00,87.45
2024-08-15 04:00:00,88.5
2024-08-15 05:00:00,88.89
2024-08-15 06:00:00,95.63
2024-08-15 07:00:00,106.0
2024-08-15 08:00:00,124.93
2024-08-15 09:00:00,124.94
2024-08-15 10:00:00,128.99
2024-08-15 11:00:00,94.2
2024-08-15 12:00:00,90.96
2024-08-15 13:00:00,94.22
2024-08-15 14:00:00,91.81
2024-08-15 15:00:00,106.29
2024-08-15 16:00:00,110.61
2024-08-15 17:00:00,131.34
2024-08-15 18:00:00,116.75
2024-08-15 19:00:00,129.1
2024-08-15 20:00:00,125.75
2024-08-15 21:00:00,98.76
2024-08-15 22:00:00,94.23
2024-08-15 23:00:00,91.83
2024-08-16 00:00:00,85.44
2024-08-16 01:00:00,87.98
2024-08-16 02:00:00,87.98
2024-08-16 03:00:00,87.47
2024-08-16 04:00:00,87.64
2024-08-16 05:00:00,89.68
2024-08-16 06:00:00,94.7
2024-08-16 07:00:00,106.17
2024-08-16 08:00:00,127.02
2024-08-16 09:00:00,129.12
2024-08-16 10:00:00,126.96
2024-08-16 11:00:00,98.61
2024-08-16 12:00:00,98.87
2024-08-16 13:00:00,94.28
2024-08-16 14:00:00,87.52
2024-08-16 15:00:00,90.7
2024-08-16 16:00:00,102.74
2024-08-16 17:00:00,115.11
2024-08-16 18:00:00,116.28
2024-08-16 19:00:00,123.0
2024-08-16 20:00:00,124.86
2024-08-16 21:00:00,106.24
2024-08-16 22:00:00,96.35
2024-08-16 23:00:00,110.24
2024-08-17 00:00:00,115.68
2024-08-17 01:00:00,112.85
2024-08-17 02:00:00,105.09
2024-08-17 03:00:00,100.75
2024-08-17 04:00:00,98.8
2024-08-17 05:00:00,100.75
2024-08-17 06:00:00,95.22
2024-08-17 07:00:00,112.74
2024-08-17 08:00:00,124.83
2024-08-17 09:00:00,123.93
2024-08-17 10:00:00,115.54
2024-08-17 11:00:00,94.91
2024-08-17 12:00:00,90.61
2024-08-17 13:00:00,101.8
2024-08-17 14:00:00,105.75
2024-08-17 15:00:00,108.59
2024-08-17 16:00:00,90.11
2024-08-17 17:00:00,93.41
2024-08-17 18:00:00,115.24
2024-08-17 19:00:00,123.95
2024-08-17 20:00:00,124.92
2024-08-17 21:00:00,124.96
2024-08-17 22:00:00,124.9
2024-08-17 23:00:00,117.53
2024-08-18 00:00:00,115.6
2024-08-18 01:00:00,110.35
2024-08-18 02:00:00,105.08
2024-08-18 03:00:00,100.09
2024-08-18 04:00:00,97.04
2024-08-18 05:00:00,99.98
2024-08-18 06:00:00,94.04
2024-08-18 07:00:00,94.69
2024-08-18 08:00:00,97.47
2024-08-18 09:00:00,91.86
2024-08-18 10:00:00,88.9
2024-08-18 11:00:00,83.72
2024-08-18 12:00:00,87.48
2024-08-18 13:00:00,86.24
2024-08-18 14:00:00,86.24
2024-08-18 15:00:00,93.12
2024-08-18 16:00:00,95.75
2024-08-18 17:00:00,107.04
2024-08-18 18:00:00,110.52
2024-08-18 19:00:00,124.95
2024-08-18 20:00:00,129.24
2024-08-18 21:00:00,129.35
2024-08-18 22:00:00,124.97
2024-08-18 23:00:00,115.54
2024-08-19 00:00:00,105.51
2024-08-19 01:00:00,100.54
2024-08-19 02:00:00,94.61
2024-08-19 03:00:00,91.8
2024-08-19 04:00:00,91.87
2024-08-19 05:00:00,94.59
2024-08-19 06:00:00,93.66
2024-08-19 07:00:00,106.19
2024-08-19 08:00:00,123.93
2024-08-19 09:00:00,108.53
2024-08-19 10:00:00,94.94
2024-08-19 11:00:00,90.64
2024-08-19 12:00:00,88.4
2024-08-19 13:00:00,89.74
2024-08-19 14:00:00,90.51
2024-08-19 15:00:00,89.76
2024-08-19 16:00:00,91.21
2024-08-19 17:00:00,112.49
2024-08-19 18:00:00,108.64
2024-08-19 19:00:00,124.85
2024-08-19 20:00:00,129.42
2024-08-19 21:00:00,128.62
2024-08-19 22:00:00,115.47
2024-08-19 23:00:00,108.73
2024-08-20 00:00:00,106.28
2024-08-20 01:00:00,105.8
2024-08-20 02:00:00,104.73
2024-08-20 03:00:00,93.69
2024-08-20 04:00:00,94.55
2024-08-20 05:00:00,105.37
2024-08-20 06:00:00,106.29
2024-08-20 07:00:00,107.84
2024-08-20 08:00:00,128.96
2024-08-20 09:00:00,129.09
2024-08-20 10:00:00,124.85
2024-08-20 11:00:00,105.72
2024-08-20 12:00:00,93.51
2024-08-20 13:00:00,93.36
2024-08-20 14:00:00,111.48
2024-08-20 15:00:00,94.58
2024-08-20 16:00:00,180.26
2024-08-20 17:00:00,129.42
2024-08-20 18:00:00,124.77
2024-08-20 19:00:00,124.77
2024-08-20 20:00:00,124.02
2024-08-20 21:00:00,103.88
2024-08-20 22:00:00,95.07
2024-08-20 23:00:00,91.92
2024-08-21 00:00:00,87.41
2024-08-21 01:00:00,86.73
2024-08-21 02:00:00,85.39
2024-08-21 03:00:00,83.0
2024-08-21 04:00:00,82.99
2024-08-21 05:00:00,85.64
2024-08-21 06:00:00,87.31
2024-08-21 07:00:00,93.73
2024-08-21 08:00:00,113.63
2024-08-21 09:00:00,124.37
2024-08-21 10:00:00,120.41
2024-08-21 11:00:00,89.51
2024-08-21 12:00:00,94.1
2024-08-21 13:00:00,89.78
2024-08-21 14:00:00,90.63
2024-08-21 15:00:00,90.62
2024-08-21 16:00:00,94.56
2024-08-21 17:00:00,94.57
2024-08-21 18:00:00,110.09
2024-08-21 19:00:00,124.85
2024-08-21 20:00:00,124.81
2024-08-21 21:00:00,120.62
2024-08-21 22:00:00,105.86
2024-08-21 23:00:00,93.32
2024-08-22 00:00:00,105.52
2024-08-22 01:00:00,117.04
2024-08-22 02:00:00,118.58
2024-08-22 03:00:00,116.5
2024-08-22 04:00:00,115.66
2024-08-22 05:00:00,118.58
2024-08-22 06:00:00,117.31
2024-08-22 07:00:00,121.94
2024-08-22 08:00:00,156.31
2024-08-22 09:00:00,124.9
2024-08-22 10:00:00,124.11
2024-08-22 11:00:00,118.66
2024-08-22 12:00:00,92.63
2024-08-22 13:00:00,91.95
2024-08-22 14:00:00,103.59
2024-08-22 15:00:00,126.97
2024-08-22 16:00:00,126.91
2024-08-22 17:00:00,186.68
2024-08-22 18:00:00,132.88
2024-08-22 19:00:00,193.16
2024-08-22 20:00:00,212.83
2024-08-22 21:00:00,170.78
2024-08-22 22:00:00,128.91
2024-08-22 23:00:00,124.18
2024-08-23 00:00:00,122.6
2024-08-23 01:00:00,121.97
2024-08-23 02:00:00,118.54
2024-08-23 03:00:00,118.53
2024-08-23 04:00:00,118.54
2024-08-23 05:00:00,122.59
2024-08-23 06:00:00,126.12
2024-08-23 07:00:00,126.15
2024-08-23 08:00:00,306.98
2024-08-23 09:00:00,306.98
2024-08-23 10:00:00,127.14
2024-08-23 11:00:00,124.14
2024-08-23 12:00:00,118.6
2024-08-23 13:00:00,124.37
2024-08-23 14:00:00,107.76
2024-08-23 15:00:00,118.6
2024-08-23 16:00:00,306.91
2024-08-23 17:00:00,306.82
2024-08-23 18:00:00,118.5
2024-08-23 19:00:00,124.92
2024-08-23 20:00:00,129.08
2024-08-23 21:00:00,124.86
2024-08-23 22:00:00,111.19
2024-08-23 23:00:00,92.13
2024-08-24 00:00:00,103.71
2024-08-24 01:00:00,95.83
2024-08-24 02:00:00,94.34
2024-08-24 03:00:00,94.33
2024-08-24 04:00:00,91.78
2024-08-24 05:00:00,92.8
2024-08-24 06:00:00,91.12
2024-08-24 07:00:00,95.34
2024-08-24 08:00:00,104.98
2024-08-24 09:00:00,110.21
2024-08-24 10:00:00,116.53
2024-08-24 11:00:00,100.29
2024-08-24 12:00:00,90.0
2024-08-24 13:00:00,81.41
2024-08-24 14:00:00,75.45
2024-08-24 15:00:00,73.9
2024-08-24 16:00:00,78.55
2024-08-24 17:00:00,88.19
2024-08-24 18:00:00,89.08
2024-08-24 19:00:00,91.82
2024-08-24 20:00:00,95.47
2024-08-24 21:00:00,95.73
2024-08-24 22:00:00,94.36
2024-08-24 23:00:00,91.94
2024-08-25 00:00:00,88.99
2024-08-25 01:00:00,95.65
2024-08-25 02:00:00,93.77
2024-08-25 03:00:00,93.06
2024-08-25 04:00:00,91.8
2024-08-25 05:00:00,91.9
2024-08-25 06:00:00,90.29
2024-08-25 07:00:00,91.56
2024-08-25 08:00:00,95.73
2024-08-25 09:00:00,94.38
2024-08-25 10:00:00,89.6
2024-08-25 11:00:00,90.5
2024-08-25 12:00:00,106.62
2024-08-25 13:00:00,91.44
2024-08-25 14:00:00,91.8
2024-08-25 15:00:00,86.15
2024-08-25 16:00:00,90.02
2024-08-25 17:00:00,100.38
2024-08-25 18:00:00,104.94
2024-08-25 19:00:00,121.1
2024-08-25 20:00:00,124.86
2024-08-25 21:00:00,121.15
2024-08-25 22:00:00,106.27
2024-08-25 23:00:00,92.26
2024-08-26 00:00:00,88.12
2024-08-26 01:00:00,86.87
2024-08-26 02:00:00,85.35
2024-08-26 03:00:00,84.83
2024-08-26 04:00:00,84.83
2024-08-26 05:00:00,85.49
2024-08-26 06:00:00,88.11
2024-08-26 07:00:00,95.01
2024-08-26 08:00:00,124.86
2024-08-26 09:00:00,133.19
2024-08-26 10:00:00,128.98
2024-08-26 11:00:00,92.26
2024-08-26 12:00:00,89.94
2024-08-26 13:00:00,89.98
2024-08-26 14:00:00,92.64
2024-08-26 15:00:00,90.7
2024-08-26 16:00:00,113.84
2024-08-26 17:00:00,124.86
2024-08-26 18:00:00,124.8
2024-08-26 19:00:00,133.1
2024-08-26 20:00:00,133.14
2024-08-26 21:00:00,128.98
2024-08-26 22:00:00,115.84
2024-08-26 23:00:00,106.69
2024-08-27 00:00:00,91.82
2024-08-27 01:00:00,95.4
2024-08-27 02:00:00,90.39
2024-08-27 03:00:00,89.46
2024-08-27 04:00:00,89.46
2024-08-27 05:00:00,94.46
2024-08-27 06:00:00,99.13
2024-08-27 07:00:00,106.36
2024-08-27 08:00:00,133.02
2024-08-27 09:00:00,133.13
2024-08-27 10:00:00,133.4
2024-08-27 11:00:00,170.9
2024-08-27 12:00:00,128.96
2024-08-27 13:00:00,114.83
2024-08-27 14:00:00,131.46
2024-08-27 15:00:00,87.8
2024-08-27 16:00:00,124.8
2024-08-27 17:00:00,109.36
2024-08-27 18:00:00,124.82
2024-08-27 19:00:00,133.04
2024-08-27 20:00:00,133.2
2024-08-27 21:00:00,129.03
2024-08-27 22:00:00,118.81
2024-08-27 23:00:00,106.87
2024-08-28 00:00:00,88.02
2024-08-28 01:00:00,91.93
2024-08-28 02:00:00,90.35
2024-08-28 03:00:00,86.69
2024-08-28 04:00:00,86.18
2024-08-28 05:00:00,87.37
2024-08-28 06:00:00,89.87
2024-08-28 07:00:00,98.63
2024-08-28 08:00:00,124.79
2024-08-28 09:00:00,126.31
2024-08-28 10:00:00,94.85
2024-08-28 11:00:00,90.31
2024-08-28 12:00:00,86.92
2024-08-28 13:00:00,83.09
2024-08-28 14:00:00,87.55
2024-08-28 15:00:00,107.34
2024-08-28 16:00:00,124.79
2024-08-28 17:00:00,124.81
2024-08-28 18:00:00,124.8
2024-08-28 19:00:00,130.98
2024-08-28 20:00:00,129.75
2024-08-28 21:00:00,126.34
2024-08-28 22:00:00,110.56
2024-08-28 23:00:00,99.54
2024-08-29 00:00:00,91.5
2024-08-29 01:00:00,104.55
2024-08-29 02:00:00,96.56
2024-08-29 03:00:00,90.36
2024-08-29 04:00:00,92.72
2024-08-29 05:00:00,108.36
2024-08-29 06:00:00,108.81
2024-08-29 07:00:00,109.72
2024-08-29 08:00:00,133.23
2024-08-29 09:00:00,129.17
2024-08-29 10:00:00,126.11
2024-08-29 11:00:00,119.82
2024-08-29 12:00:00,129.13
2024-08-29 13:00:00,129.24
2024-08-29 14:00:00,129.11
2024-08-29 15:00:00,129.25
2024-08-29 16:00:00,125.03
2024-08-29 17:00:00,109.22
2024-08-29 18:00:00,118.64
2024-08-29 19:00:00,124.98
2024-08-29 20:00:00,128.92
2024-08-29 21:00:00,120.93
2024-08-29 22:00:00,101.88
2024-08-29 23:00:00,92.24
2024-08-30 00:00:00,93.18
2024-08-30 01:00:00,88.19
2024-08-30 02:00:00,86.54
2024-08-30 03:00:00,85.54
2024-08-30 04:00:00,86.43
2024-08-30 05:00:00,87.48
2024-08-30 06:00:00,98.66
2024-08-30 07:00:00,104.44
2024-08-30 08:00:00,126.94
2024-08-30 09:00:00,128.48
2024-08-30 10:00:00,96.35
2024-08-30 11:00:00,91.83
2024-08-30 12:00:00,90.22
2024-08-30 13:00:00,91.86
2024-08-30 14:00:00,92.92
2024-08-30 15:00:00,94.71
2024-08-30 16:00:00,126.8
2024-08-30 17:00:00,130.34
2024-08-30 18:00:00,129.11
2024-08-30 19:00:00,151.85
2024-08-30 20:00:00,150.61
2024-08-30 21:00:00,131.55
2024-08-30 22:00:00,130.37
2024-08-30 23:00:00,119.51
2024-08-31 00:00:00,110.52
2024-08-31 01:00:00,100.3
2024-08-31 02:00:00,93.44
2024-08-31 03:00:00,89.59
2024-08-31 04:00:00,89.4
2024-08-31 05:00:00,90.38
2024-08-31 06:00:00,93.7
2024-08-31 07:00:00,103.8
2024-08-31 08:00:00,124.75
2024-08-31 09:00:00,115.19
2024-08-31 10:00:00,94.83
2024-08-31 11:00:00,87.81
2024-08-31 12:00:00,87.43
2024-08-31 13:00:00,87.72
2024-08-31 14:00:00,85.31
2024-08-31 15:00:00,87.35
2024-08-31 16:00:00,89.57
2024-08-31 17:00:00,116.87
2024-08-31 18:00:00,124.88
2024-08-31 19:00:00,124.85
2024-08-31 20:00:00,129.03
2024-08-31 21:00:00,129.03
2024-08-31 22:00:00,122.42
2024-08-31 23:00:00,115.41
2024-09-01 00:00:00,103.95
2024-09-01 01:00:00,100.46
2024-09-01 02:00:00,95.77
2024-09-01 03:00:00,94.88
2024-09-01 04:00:00,92.68
2024-09-01 05:00:00,91.99
2024-09-01 06:00:00,92.6
2024-09-01 07:00:00,93.7
2024-09-01 08:00:00,100.3
2024-09-01 09:00:00,91.79
2024-09-01 10:00:00,86.96
2024-09-01 11:00:00,78.56
2024-09-01 12:00:00,78.56
2024-09-01 13:00:00,78.56
2024-09-01 14:00:00,71.18
2024-09-01 15:00:00,80.46
2024-09-01 16:00:00,87.84
2024-09-01 17:00:00,92.05
2024-09-01 18:00:00,130.38
2024-09-01 19:00:00,189.58
2024-09-01 20:00:00,189.51
2024-09-01 21:00:00,189.47
2024-09-01 22:00:00,128.36
2024-09-01 23:00:00,125.89
2024-09-02 00:00:00,127.9
2024-09-02 01:00:00,127.69
2024-09-02 02:00:00,122.07
2024-09-02 03:00:00,109.66
2024-09-02 04:00:00,108.78
2024-09-02 05:00:00,117.25
2024-09-02 06:00:00,122.08
2024-09-02 07:00:00,124.95
2024-09-02 08:00:00,182.66
2024-09-02 09:00:00,177.68
2024-09-02 10:00:00,157.94
2024-09-02 11:00:00,105.84
2024-09-02 12:00:00,96.78
2024-09-02 13:00:00,105.85
2024-09-02 14:00:00,92.94
2024-09-02 15:00:00,103.79
2024-09-02 16:00:00,125.72
2024-09-02 17:00:00,125.72
2024-09-02 18:00:00,130.03
2024-09-02 19:00:00,227.32
2024-09-02 20:00:00,182.73
2024-09-02 21:00:00,130.51
2024-09-02 22:00:00,129.99
2024-09-02 23:00:00,128.43
2024-09-03 00:00:00,130.09
2024-09-03 01:00:00,125.89
2024-09-03 02:00:00,125.06
2024-09-03 03:00:00,113.07
2024-09-03 04:00:00,112.95
2024-09-03 05:00:00,124.91
2024-09-03 06:00:00,125.78
2024-09-03 07:00:00,129.78
2024-09-03 08:00:00,207.87
2024-09-03 09:00:00,148.87
2024-09-03 10:00:00,129.93
2024-09-03 11:00:00,177.56
2024-09-03 12:00:00,212.92
2024-09-03 13:00:00,125.77
2024-09-03 14:00:00,93.7
2024-09-03 15:00:00,87.89
2024-09-03 16:00:00,125.75
2024-09-03 17:00:00,127.89
2024-09-03 18:00:00,128.36
2024-09-03 19:00:00,180.86
2024-09-03 20:00:00,180.9
2024-09-03 21:00:00,137.79
2024-09-03 22:00:00,127.95
2024-09-03 23:00:00,127.83
2024-09-04 00:00:00,139.83
2024-09-04 01:00:00,125.83
2024-09-04 02:00:00,124.83
2024-09-04 03:00:00,120.87
2024-09-04 04:00:00,105.35
2024-09-04 05:00:00,116.89
2024-09-04 06:00:00,125.73
2024-09-04 07:00:00,127.0
2024-09-04 08:00:00,187.4
2024-09-04 09:00:00,141.55
2024-09-04 10:00:00,205.29
2024-09-04 11:00:00,207.96
2024-09-04 12:00:00,133.31
2024-09-04 13:00:00,120.96
2024-09-04 14:00:00,83.8
2024-09-04 15:00:00,83.98
2024-09-04 16:00:00,83.81
2024-09-04 17:00:00,83.98
2024-09-04 18:00:00,115.51
2024-09-04 19:00:00,127.94
2024-09-04 20:00:00,128.4
2024-09-04 21:00:00,127.86
2024-09-04 22:00:00,125.78
2024-09-04 23:00:00,105.59
2024-09-05 00:00:00,103.92
2024-09-05 01:00:00,92.93
2024-09-05 02:00:00,88.62
2024-09-05 03:00:00,86.24
2024-09-05 04:00:00,85.53
2024-09-05 05:00:00,89.57
2024-09-05 06:00:00,96.8
2024-09-05 07:00:00,103.85
2024-09-05 08:00:00,129.9
2024-09-05 09:00:00,127.78
2024-09-05 10:00:00,92.42
2024-09-05 11:00:00,94.72
2024-09-05 12:00:00,80.39
2024-09-05 13:00:00,83.71
2024-09-05 14:00:00,94.75
2024-09-05 15:00:00,100.45
2024-09-05 16:00:00,96.82
2024-09-05 17:00:00,115.07
2024-09-05 18:00:00,130.03
2024-09-05 19:00:00,167.31
2024-09-05 20:00:00,167.03
2024-09-05 21:00:00,130.12
2024-09-05 22:00:00,128.09
2024-09-05 23:00:00,124.09
2024-09-06 00:00:00,111.55
2024-09-06 01:00:00,111.03
2024-09-06 02:00:00,100.2
2024-09-06 03:00:00,100.17
2024-09-06 04:00:00,100.17
2024-09-06 05:00:00,100.79
2024-09-06 06:00:00,114.08
2024-09-06 07:00:00,125.72
2024-09-06 08:00:00,130.21
2024-09-06 09:00:00,128.53
2024-09-06 10:00:00,127.99
2024-09-06 11:00:00,115.19
2024-09-06 12:00:00,93.05
2024-09-06 13:00:00,90.9
2024-09-06 14:00:00,127.95
2024-09-06 15:00:00,97.23
2024-09-06 16:00:00,100.69
2024-09-06 17:00:00,128.07
2024-09-06 18:00:00,129.95
2024-09-06 19:00:00,177.76
2024-09-06 20:00:00,130.51
2024-09-06 21:00:00,130.0
2024-09-06 22:00:00,127.81
2024-09-06 23:00:00,110.19
2024-09-07 00:00:00,100.7
2024-09-07 01:00:00,113.18
2024-09-07 02:00:00,100.34
2024-09-07 03:00:00,97.86
2024-09-07 04:00:00,97.86
2024-09-07 05:00:00,97.86
2024-09-07 06:00:00,100.64
2024-09-07 07:00:00,119.79
2024-09-07 08:00:00,130.05
2024-09-07 09:00:00,102.26
2024-09-07 10:00:00,100.3
2024-09-07 11:00:00,86.51
2024-09-07 12:00:00,100.74
2024-09-07 13:00:00,82.2
2024-09-07 14:00:00,78.99
2024-09-07 15:00:00,84.86
2024-09-07 16:00:00,90.67
2024-09-07 17:00:00,90.62
2024-09-07 18:00:00,113.9
2024-09-07 19:00:00,127.8
2024-09-07 20:00:00,128.38
2024-09-07 21:00:00,126.35
2024-09-07 22:00:00,125.92
2024-09-07 23:00:00,125.79
2024-09-08 00:00:00,125.91
2024-09-08 01:00:00,122.64
2024-09-08 02:00:00,105.49
2024-09-08 03:00:00,105.25
2024-09-08 04:00:00,105.25
2024-09-08 05:00:00,105.25
2024-09-08 06:00:00,105.26
2024-09-08 07:00:00,100.39
2024-09-08 08:00:00,110.28
2024-09-08 09:00:00,99.92
2024-09-08 10:00:00,88.8
2024-09-08 11:00:00,85.04
2024-09-08 12:00:00,85.06
2024-09-08 13:00:00,85.96
2024-09-08 14:00:00,105.51
2024-09-08 15:00:00,88.04
2024-09-08 16:00:00,95.27
2024-09-08 17:00:00,95.28
2024-09-08 18:00:00,105.75
2024-09-08 19:00:00,114.14
2024-09-08 20:00:00,121.85
2024-09-08 21:00:00,120.55
2024-09-08 22:00:00,114.16
2024-09-08 23:00:00,105.26
2024-09-09 00:00:00,111.69
2024-09-09 01:00:00,90.54
2024-09-09 02:00:00,89.1
2024-09-09 03:00:00,82.98
2024-09-09 04:00:00,84.15
2024-09-09 05:00:00,85.11
2024-09-09 06:00:00,97.86
2024-09-09 07:00:00,111.52
2024-09-09 08:00:00,122.27
2024-09-09 09:00:00,117.17
2024-09-09 10:00:00,109.08
2024-09-09 11:00:00,88.14
2024-09-09 12:00:00,75.48
2024-09-09 13:00:00,88.14
2024-09-09 14:00:00,100.53
2024-09-09 15:00:00,177.56
2024-09-09 16:00:00,304.65
2024-09-09 17:00:00,202.81
2024-09-09 18:00:00,151.12
2024-09-09 19:00:00,146.74
2024-09-09 20:00:00,122.17
2024-09-09 21:00:00,122.05
2024-09-09 22:00:00,117.25
2024-09-09 23:00:00,100.59
2024-09-10 00:00:00,90.57
2024-09-10 01:00:00,90.66
2024-09-10 02:00:00,95.39
2024-09-10 03:00:00,93.81
2024-09-10 04:00:00,96.69
2024-09-10 05:00:00,96.45
2024-09-10 06:00:00,100.51
2024-09-10 07:00:00,109.6
2024-09-10 08:00:00,117.68
2024-09-10 09:00:00,115.8
2024-09-10 10:00:00,113.64
2024-09-10 11:00:00,116.18
2024-09-10 12:00:00,103.08
2024-09-10 13:00:00,90.69
2024-09-10 14:00:00,115.77
2024-09-10 15:00:00,115.78
2024-09-10 16:00:00,104.94
2024-09-10 17:00:00,115.82
2024-09-10 18:00:00,115.85
2024-09-10 19:00:00,145.09
2024-09-10 20:00:00,117.93
2024-09-10 21:00:00,117.71
2024-09-10 22:00:00,137.99
2024-09-10 23:00:00,113.66
2024-09-11 00:00:00,98.35
2024-09-11 01:00:00,113.47
2024-09-11 02:00:00,99.76
2024-09-11 03:00:00,97.11
2024-09-11 04:00:00,97.2
2024-09-11 05:00:00,99.75
2024-09-11 06:00:00,114.78
2024-09-11 07:00:00,115.52
2024-09-11 08:00:00,314.15
2024-09-11 09:00:00,144.19
2024-09-11 10:00:00,117.81
2024-09-11 11:00:00,95.41
2024-09-11 12:00:00,95.25
2024-09-11 13:00:00,86.4
2024-09-11 14:00:00,89.48
2024-09-11 15:00:00,115.87
2024-09-11 16:00:00,338.33
2024-09-11 17:00:00,371.48
2024-09-11 18:00:00,202.78
2024-09-11 19:00:00,117.92
2024-09-11 20:00:00,117.69
2024-09-11 21:00:00,113.87
2024-09-11 22:00:00,113.57
2024-09-11 23:00:00,90.19
2024-09-12 00:00:00,82.57
2024-09-12 01:00:00,86.43
2024-09-12 02:00:00,82.67
2024-09-12 03:00:00,81.75
2024-09-12 04:00:00,78.78
2024-09-12 05:00:00,81.74
2024-09-12 06:00:00,89.73
2024-09-12 07:00:00,91.75
2024-09-12 08:00:00,115.88
2024-09-12 09:00:00,115.81
2024-09-12 10:00:00,90.43
2024-09-12 11:00:00,118.1
2024-09-12 12:00:00,183.58
2024-09-12 13:00:00,116.06
2024-09-12 14:00:00,100.18
2024-09-12 15:00:00,100.18
2024-09-12 16:00:00,100.63
2024-09-12 17:00:00,115.97
2024-09-12 18:00:00,118.12
2024-09-12 19:00:00,202.59
2024-09-12 20:00:00,202.73
2024-09-12 21:00:00,129.17
2024-09-12 22:00:00,117.88
2024-09-12 23:00:00,115.96
2024-09-13 00:00:00,99.09
2024-09-13 01:00:00,90.57
2024-09-13 02:00:00,86.68
2024-09-13 03:00:00,86.16
2024-09-13 04:00:00,86.14
2024-09-13 05:00:00,90.24
2024-09-13 06:00:00,95.77
2024-09-13 07:00:00,101.35
2024-09-13 08:00:00,115.66
2024-09-13 09:00:00,224.59
2024-09-13 10:00:00,127.48
2024-09-13 11:00:00,113.95
2024-09-13 12:00:00,90.76
2024-09-13 13:00:00,90.4
2024-09-13 14:00:00,86.55
2024-09-13 15:00:00,88.07
2024-09-13 16:00:00,91.72
2024-09-13 17:00:00,106.79
2024-09-13 18:00:00,115.72
2024-09-13 19:00:00,117.83
2024-09-13 20:00:00,118.0
2024-09-13 21:00:00,115.99
2024-09-13 22:00:00,107.72
2024-09-13 23:00:00,100.31
2024-09-14 00:00:00,112.45
2024-09-14 01:00:00,100.63
2024-09-14 02:00:00,98.12
2024-09-14 03:00:00,91.56
2024-09-14 04:00:00,90.67
2024-09-14 05:00:00,88.19
2024-09-14 06:00:00,90.29
2024-09-14 07:00:00,90.67
2024-09-14 08:00:00,106.57
2024-09-14 09:00:00,113.5
2024-09-14 10:00:00,90.56
2024-09-14 11:00:00,90.73
2024-09-14 12:00:00,85.18
2024-09-14 13:00:00,84.05
2024-09-14 14:00:00,85.68
2024-09-14 15:00:00,80.76
2024-09-14 16:00:00,85.23
2024-09-14 17:00:00,90.39
2024-09-14 18:00:00,101.61
2024-09-14 19:00:00,113.52
2024-09-14 20:00:00,111.7
2024-09-14 21:00:00,112.93
2024-09-14 22:00:00,110.08
2024-09-14 23:00:00,108.55
2024-09-15 00:00:00,101.9
2024-09-15 01:00:00,100.47
2024-09-15 02:00:00,94.47
2024-09-15 03:00:00,91.57
2024-09-15 04:00:00,90.66
2024-09-15 05:00:00,90.67
2024-09-15 06:00:00,93.72
2024-09-15 07:00:00,94.42
2024-09-15 08:00:00,100.69
2024-09-15 09:00:00,92.82
2024-09-15 10:00:00,90.67
2024-09-15 11:00:00,94.22
2024-09-15 12:00:00,90.69
2024-09-15 13:00:00,94.73
2024-09-15 14:00:00,85.94
2024-09-15 15:00:00,87.93
2024-09-15 16:00:00,87.93
2024-09-15 17:00:00,90.65
2024-09-15 18:00:00,113.58
2024-09-15 19:00:00,115.89
2024-09-15 20:00:00,117.91
2024-09-15 21:00:00,118.01
2024-09-15 22:00:00,113.87
2024-09-15 23:00:00,104.62
2024-09-16 00:00:00,97.3
2024-09-16 01:00:00,92.81
2024-09-16 02:00:00,90.57
2024-09-16 03:00:00,89.64
2024-09-16 04:00:00,90.37
2024-09-16 05:00:00,92.06
2024-09-16 06:00:00,103.63
2024-09-16 07:00:00,105.81
2024-09-16 08:00:00,115.64
2024-09-16 09:00:00,117.8
2024-09-16 10:00:00,110.17
2024-09-16 11:00:00,96.55
2024-09-16 12:00:00,96.71
2024-09-16 13:00:00,90.66
2024-09-16 14:00:00,93.69
2024-09-16 15:00:00,113.62
2024-09-16 16:00:00,113.56
2024-09-16 17:00:00,113.82
2024-09-16 18:00:00,118.19
2024-09-16 19:00:00,146.82
2024-09-16 20:00:00,187.26
2024-09-16 21:00:00,182.69
2024-09-16 22:00:00,115.63
2024-09-16 23:00:00,113.57
2024-09-17 00:00:00,103.86
2024-09-17 01:00:00,104.8
2024-09-17 02:00:00,100.85
2024-09-17 03:00:00,99.74
2024-09-17 04:00:00,98.74
2024-09-17 05:00:00,102.99
2024-09-17 06:00:00,108.64
2024-09-17 07:00:00,111.85
2024-09-17 08:00:00,115.93
2024-09-17 09:00:00,115.78
2024-09-17 10:00:00,115.6
2024-09-17 11:00:00,98.73
2024-09-17 12:00:00,88.11
2024-09-17 13:00:00,110.16
2024-09-17 14:00:00,99.98
2024-09-17 15:00:00,98.73
2024-09-17 16:00:00,113.59
2024-09-17 17:00:00,115.77
2024-09-17 18:00:00,117.9
2024-09-17 19:00:00,287.84
2024-09-17 20:00:00,183.02
2024-09-17 21:00:00,115.76
2024-09-17 22:00:00,110.23
2024-09-17 23:00:00,105.38
2024-09-18 00:00:00,89.66
2024-09-18 01:00:00,89.68
2024-09-18 02:00:00,88.67
2024-09-18 03:00:00,86.76
2024-09-18 04:00:00,86.76
2024-09-18 05:00:00,89.01
2024-09-18 06:00:00,98.74
2024-09-18 07:00:00,101.91
2024-09-18 08:00:00,113.64
2024-09-18 09:00:00,113.71
2024-09-18 10:00:00,113.71
2024-09-18 11:00:00,90.21
2024-09-18 12:00:00,83.73
2024-09-18 13:00:00,83.54
2024-09-18 14:00:00,84.56
2024-09-18 15:00:00,89.7
2024-09-18 16:00:00,89.63
2024-09-18 17:00:00,98.55
2024-09-18 18:00:00,113.64
2024-09-18 19:00:00,115.92
2024-09-18 20:00:00,117.92
2024-09-18 21:00:00,115.8
2024-09-18 22:00:00,113.71
2024-09-18 23:00:00,103.34
2024-09-19 00:00:00,90.41
2024-09-19 01:00:00,90.75
2024-09-19 02:00:00,95.37
2024-09-19 03:00:00,95.47
2024-09-19 04:00:00,95.27
2024-09-19 05:00:00,102.83
2024-09-19 06:00:00,113.84
2024-09-19 07:00:00,113.86
2024-09-19 08:00:00,137.06
2024-09-19 09:00:00,119.68
2024-09-19 10:00:00,113.71
2024-09-19 11:00:00,108.84
2024-09-19 12:00:00,91.91
2024-09-19 13:00:00,110.27
2024-09-19 14:00:00,90.76
2024-09-19 15:00:00,113.71
2024-09-19 16:00:00,117.9
2024-09-19 17:00:00,115.93
2024-09-19 18:00:00,115.85
2024-09-19 19:00:00,117.92
2024-09-19 20:00:00,119.8
2024-09-19 21:00:00,119.73
2024-09-19 22:00:00,113.9
2024-09-19 23:00:00,113.64
2024-09-20 00:00:00,92.17
2024-09-20 01:00:00,92.54
2024-09-20 02:00:00,90.76
2024-09-20 03:00:00,90.64
2024-09-20 04:00:00,90.54
2024-09-20 05:00:00,97.91
2024-09-20 06:00:00,103.75
2024-09-20 07:00:00,103.8
2024-09-20 08:00:00,115.78
2024-09-20 09:00:00,115.8
2024-09-20 10:00:00,113.87
2024-09-20 11:00:00,113.87
2024-09-20 12:00:00,90.57
2024-09-20 13:00:00,110.19
2024-09-20 14:00:00,110.19
2024-09-20 15:00:00,113.89
2024-09-20 16:00:00,176.81
2024-09-20 17:00:00,235.1
2024-09-20 18:00:00,117.89
2024-09-20 19:00:00,117.9
2024-09-20 20:00:00,119.72
2024-09-20 21:00:00,117.83
2024-09-20 22:00:00,113.31
2024-09-20 23:00:00,115.79
2024-09-21 00:00:00,115.89
2024-09-21 01:00:00,105.33
2024-09-21 02:00:00,103.53
2024-09-21 03:00:00,94.77
2024-09-21 04:00:00,92.73
2024-09-21 05:00:00,96.77
2024-09-21 06:00:00,103.36
2024-09-21 07:00:00,105.33
2024-09-21 08:00:00,113.58
2024-09-21 09:00:00,113.59
2024-09-21 10:00:00,105.75
2024-09-21 11:00:00,105.82
2024-09-21 12:00:00,97.73
2024-09-21 13:00:00,96.69
2024-09-21 14:00:00,96.69
2024-09-21 15:00:00,99.35
2024-09-21 16:00:00,104.84
2024-09-21 17:00:00,105.31
2024-09-21 18:00:00,115.66
2024-09-21 19:00:00,118.04
2024-09-21 20:00:00,118.05
2024-09-21 21:00:00,117.9
2024-09-21 22:00:00,115.89
2024-09-21 23:00:00,115.88
2024-09-22 00:00:00,113.66
2024-09-22 01:00:00,106.56
2024-09-22 02:00:00,98.47
2024-09-22 03:00:00,94.76
2024-09-22 04:00:00,94.74
2024-09-22 05:00:00,95.56
2024-09-22 06:00:00,95.55
2024-09-22 07:00:00,95.53
2024-09-22 08:00:00,98.4
2024-09-22 09:00:00,92.62
2024-09-22 10:00:00,88.3
2024-09-22 11:00:00,86.0
2024-09-22 12:00:00,81.44
2024-09-22 13:00:00,88.27
2024-09-22 14:00:00,92.64
2024-09-22 15:00:00,88.96
2024-09-22 16:00:00,94.48
2024-09-22 17:00:00,113.68
2024-09-22 18:00:00,253.3
2024-09-22 19:00:00,417.09
2024-09-22 20:00:00,725.6
2024-09-22 21:00:00,416.87
2024-09-22 22:00:00,202.36
2024-09-22 23:00:00,127.81
2024-09-23 00:00:00,113.72
2024-09-23 01:00:00,103.83
2024-09-23 02:00:00,101.89
2024-09-23 03:00:00,97.78
2024-09-23 04:00:00,95.56
2024-09-23 05:00:00,100.22
2024-09-23 06:00:00,107.0
2024-09-23 07:00:00,110.15
2024-09-23 08:00:00,115.87
2024-09-23 09:00:00,115.75
2024-09-23 10:00:00,113.68
2024-09-23 11:00:00,98.09
2024-09-23 12:00:00,95.51
2024-09-23 13:00:00,93.98
2024-09-23 14:00:00,103.73
2024-09-23 15:00:00,115.8
2024-09-23 16:00:00,353.64
2024-09-23 17:00:00,185.32
2024-09-23 18:00:00,119.75
2024-09-23 19:00:00,119.74
2024-09-23 20:00:00,116.02
2024-09-23 21:00:00,115.68
2024-09-23 22:00:00,113.06
2024-09-23 23:00:00,101.55
2024-09-24 00:00:00,98.29
2024-09-24 01:00:00,93.76
2024-09-24 02:00:00,91.59
2024-09-24 03:00:00,90.7
2024-09-24 04:00:00,90.68
2024-09-24 05:00:00,92.57
2024-09-24 06:00:00,98.69
2024-09-24 07:00:00,113.62
2024-09-24 08:00:00,115.78
2024-09-24 09:00:00,115.68
2024-09-24 10:00:00,115.68
2024-09-24 11:00:00,106.39
2024-09-24 12:00:00,95.52
2024-09-24 13:00:00,113.74
2024-09-24 14:00:00,118.07
2024-09-24 15:00:00,110.26
2024-09-24 16:00:00,100.77
2024-09-24 17:00:00,104.75
2024-09-24 18:00:00,113.65
2024-09-24 19:00:00,113.9
2024-09-24 20:00:00,113.65
2024-09-24 21:00:00,113.92
2024-09-24 22:00:00,104.8
2024-09-24 23:00:00,95.59
2024-09-25 00:00:00,100.32
2024-09-25 01:00:00,97.08
2024-09-25 02:00:00,96.03
2024-09-25 03:00:00,94.74
2024-09-25 04:00:00,92.75
2024-09-25 05:00:00,96.55
2024-09-25 06:00:00,100.37
2024-09-25 07:00:00,103.76
2024-09-25 08:00:00,113.64
2024-09-25 09:00:00,111.89
2024-09-25 10:00:00,100.66
2024-09-25 11:00:00,104.82
2024-09-25 12:00:00,115.77
2024-09-25 13:00:00,115.92
2024-09-25 14:00:00,115.78
2024-09-25 15:00:00,115.76
2024-09-25 16:00:00,113.65
2024-09-25 17:00:00,111.89
2024-09-25 18:00:00,113.38
2024-09-25 19:00:00,113.65
2024-09-25 20:00:00,115.67
2024-09-25 21:00:00,113.66
2024-09-25 22:00:00,103.82
2024-09-25 23:00:00,98.77
2024-09-26 00:00:00,90.29
2024-09-26 01:00:00,90.1
2024-09-26 02:00:00,88.6
2024-09-26 03:00:00,87.6
2024-09-26 04:00:00,87.59
2024-09-26 05:00:00,90.64
2024-09-26 06:00:00,103.7
2024-09-26 07:00:00,110.16
2024-09-26 08:00:00,113.75
2024-09-26 09:00:00,123.82
2024-09-26 10:00:00,115.9
2024-09-26 11:00:00,115.74
2024-09-26 12:00:00,101.65
2024-09-26 13:00:00,113.64
2024-09-26 14:00:00,90.65
2024-09-26 15:00:00,87.0
2024-09-26 16:00:00,92.55
2024-09-26 17:00:00,90.66
2024-09-26 18:00:00,101.54
2024-09-26 19:00:00,103.82
2024-09-26 20:00:00,110.29
2024-09-26 21:00:00,100.72
2024-09-26 22:00:00,90.7
2024-09-26 23:00:00,87.53
2024-09-27 00:00:00,83.49
2024-09-27 01:00:00,82.74
2024-09-27 02:00:00,81.77
2024-09-27 03:00:00,80.67
2024-09-27 04:00:00,81.74
2024-09-27 05:00:00,82.69
2024-09-27 06:00:00,90.04
2024-09-27 07:00:00,94.88
2024-09-27 08:00:00,108.4
2024-09-27 09:00:00,105.56
2024-09-27 10:00:00,96.95
2024-09-27 11:00:00,85.9
2024-09-27 12:00:00,80.28
2024-09-27 13:00:00,80.27
2024-09-27 14:00:00,90.27
2024-09-27 15:00:00,83.31
2024-09-27 16:00:00,92.11
2024-09-27 17:00:00,98.72
2024-09-27 18:00:00,117.94
2024-09-27 19:00:00,119.73
2024-09-27 20:00:00,119.45
2024-09-27 21:00:00,115.68
2024-09-27 22:00:00,104.81
2024-09-27 23:00:00,90.69
2024-09-28 00:00:00,113.7
2024-09-28 01:00:00,104.03
2024-09-28 02:00:00,97.99
2024-09-28 03:00:00,94.73
2024-09-28 04:00:00,92.96
2024-09-28 05:00:00,94.74
2024-09-28 06:00:00,99.68
2024-09-28 07:00:00,103.85
2024-09-28 08:00:00,111.61
2024-09-28 09:00:00,104.88
2024-09-28 10:00:00,100.66
2024-09-28 11:00:00,92.68
2024-09-28 12:00:00,80.12
2024-09-28 13:00:00,80.35
2024-09-28 14:00:00,80.33
2024-09-28 15:00:00,98.85
2024-09-28 16:00:00,109.64
2024-09-28 17:00:00,115.68
2024-09-28 18:00:00,113.89
2024-09-28 19:00:00,115.77
2024-09-28 20:00:00,115.8
2024-09-28 21:00:00,115.67
2024-09-28 22:00:00,113.63
2024-09-28 23:00:00,113.63
2024-09-29 00:00:00,106.74
2024-09-29 01:00:00,100.88
2024-09-29 02:00:00,97.49
2024-09-29 03:00:00,96.65
2024-09-29 04:00:00,96.64
2024-09-29 05:00:00,96.66
2024-09-29 06:00:00,96.66
2024-09-29 07:00:00,96.51
2024-09-29 08:00:00,100.68
2024-09-29 09:00:00,95.18
2024-09-29 10:00:00,92.64
2024-09-29 11:00:00,92.3
2024-09-29 12:00:00,85.53
2024-09-29 13:00:00,84.3
2024-09-29 14:00:00,85.54
2024-09-29 15:00:00,92.66
2024-09-29 16:00:00,109.64
2024-09-29 17:00:00,102.05
2024-09-29 18:00:00,113.65
2024-09-29 19:00:00,117.96
2024-09-29 20:00:00,138.2
2024-09-29 21:00:00,121.26
2024-09-29 22:00:00,115.7
2024-09-29 23:00:00,113.64
2024-09-30 00:00:00,101.8
2024-09-30 01:00:00,100.74
2024-09-30 02:00:00,100.48
2024-09-30 03:00:00,100.24
2024-09-30 04:00:00,100.44
2024-09-30 05:00:00,103.0
2024-09-30 06:00:00,106.59
2024-09-30 07:00:00,107.42
2024-09-30 08:00:00,117.93
2024-09-30 09:00:00,115.94
2024-09-30 10:00:00,117.8
2024-09-30 11:00:00,117.88
2024-09-30 12:00:00,113.87
2024-09-30 13:00:00,110.35
2024-09-30 14:00:00,110.24
2024-09-30 15:00:00,115.79
2024-09-30 16:00:00,115.75
2024-09-30 17:00:00,182.19
2024-09-30 18:00:00,120.45
2024-09-30 19:00:00,115.81
2024-09-30 20:00:00,115.72
2024-09-30 21:00:00,115.8
2024-09-30 22:00:00,106.79
2024-09-30 23:00:00,104.62
2024-10-01 00:00:00,111.86
2024-10-01 01:00:00,110.46
2024-10-01 02:00:00,109.68
2024-10-01 03:00:00,106.57
2024-10-01 04:00:00,106.55
2024-10-01 05:00:00,111.83
2024-10-01 06:00:00,113.87
2024-10-01 07:00:00,113.62
2024-10-01 08:00:00,120.82
2024-10-01 09:00:00,192.24
2024-10-01 10:00:00,115.93
2024-10-01 11:00:00,111.38
2024-10-01 12:00:00,111.86
2024-10-01 13:00:00,202.66
2024-10-01 14:00:00,202.65
2024-10-01 15:00:00,111.84
2024-10-01 16:00:00,113.85
2024-10-01 17:00:00,115.83
2024-10-01 18:00:00,158.16
2024-10-01 19:00:00,120.16
2024-10-01 20:00:00,117.95
2024-10-01 21:00:00,121.53
2024-10-01 22:00:00,115.82
2024-10-01 23:00:00,113.66
2024-10-02 00:00:00,111.23
2024-10-02 01:00:00,110.02
2024-10-02 02:00:00,104.72
2024-10-02 03:00:00,104.71
2024-10-02 04:00:00,103.7
2024-10-02 05:00:00,111.21
2024-10-02 06:00:00,114.83
2024-10-02 07:00:00,115.79
2024-10-02 08:00:00,134.58
2024-10-02 09:00:00,119.76
2024-10-02 10:00:00,205.99
2024-10-02 11:00:00,114.77
2024-10-02 12:00:00,114.62
2024-10-02 13:00:00,113.73
2024-10-02 14:00:00,111.19
2024-10-02 15:00:00,117.96
2024-10-02 16:00:00,115.7
2024-10-02 17:00:00,115.89
2024-10-02 18:00:00,164.03
2024-10-02 19:00:00,300.83
2024-10-02 20:00:00,202.59
2024-10-02 21:00:00,122.36
2024-10-02 22:00:00,115.93
2024-10-02 23:00:00,114.83
2024-10-03 00:00:00,114.62
2024-10-03 01:00:00,114.03
2024-10-03 02:00:00,113.81
2024-10-03 03:00:00,113.8
2024-10-03 04:00:00,111.27
2024-10-03 05:00:00,113.98
2024-10-03 06:00:00,116.04
2024-10-03 07:00:00,114.81
2024-10-03 08:00:00,141.35
2024-10-03 09:00:00,180.68
2024-10-03 10:00:00,115.65
2024-10-03 11:00:00,115.9
2024-10-03 12:00:00,193.18
2024-10-03 13:00:00,114.66
2024-10-03 14:00:00,114.43
2024-10-03 15:00:00,109.88
2024-10-03 16:00:00,114.7
2024-10-03 17:00:00,115.85
2024-10-03 18:00:00,119.8
2024-10-03 19:00:00,378.17
2024-10-03 20:00:00,280.3
2024-10-03 21:00:00,123.38
2024-10-03 22:00:00,115.73
2024-10-03 23:00:00,115.15
2024-10-04 00:00:00,114.68
2024-10-04 01:00:00,114.61
2024-10-04 02:00:00,113.94
2024-10-04 03:00:00,113.76
2024-10-04 04:00:00,113.77
2024-10-04 05:00:00,114.55
2024-10-04 06:00:00,117.68
2024-10-04 07:00:00,115.66
2024-10-04 08:00:00,201.99
2024-10-04 09:00:00,193.68
2024-10-04 10:00:00,201.99
2024-10-04 11:00:00,152.9
2024-10-04 12:00:00,138.81
2024-10-04 13:00:00,114.68
2024-10-04 14:00:00,115.73
2024-10-04 15:00:00,114.68
2024-10-04 16:00:00,115.75
2024-10-04 17:00:00,165.5
2024-10-04 18:00:00,171.32
2024-10-04 19:00:00,201.81
2024-10-04 20:00:00,202.02
2024-10-04 21:00:00,168.51
2024-10-04 22:00:00,115.84
2024-10-04 23:00:00,115.12
2024-10-05 00:00:00,116.0
2024-10-05 01:00:00,115.2
2024-10-05 02:00:00,109.18
2024-10-05 03:00:00,106.57
2024-10-05 04:00:00,97.11
2024-10-05 05:00:00,101.51
2024-10-05 06:00:00,108.72
2024-10-05 07:00:00,113.68
2024-10-05 08:00:00,115.72
2024-10-05 09:00:00,115.56
2024-10-05 10:00:00,113.67
2024-10-05 11:00:00,109.21
2024-10-05 12:00:00,97.51
2024-10-05 13:00:00,97.53
2024-10-05 14:00:00,98.78
2024-10-05 15:00:00,108.85
2024-10-05 16:00:00,115.72
2024-10-05 17:00:00,115.87
2024-10-05 18:00:00,116.09
2024-10-05 19:00:00,117.88
2024-10-05 20:00:00,117.98
2024-10-05 21:00:00,117.88
2024-10-05 22:00:00,116.28
2024-10-05 23:00:00,115.97
2024-10-06 00:00:00,115.38
2024-10-06 01:00:00,110.73
2024-10-06 02:00:00,101.87
2024-10-06 03:00:00,93.94
2024-10-06 04:00:00,93.74
2024-10-06 05:00:00,93.73
2024-10-06 06:00:00,93.67
2024-10-06 07:00:00,93.87
2024-10-06 08:00:00,113.67
2024-10-06 09:00:00,104.48
2024-10-06 10:00:00,93.64
2024-10-06 11:00:00,99.02
2024-10-06 12:00:00,87.94
2024-10-06 13:00:00,88.61
2024-10-06 14:00:00,84.4
2024-10-06 15:00:00,88.6
2024-10-06 16:00:00,103.33
2024-10-06 17:00:00,113.69
2024-10-06 18:00:00,115.89
2024-10-06 19:00:00,117.87
2024-10-06 20:00:00,143.96
2024-10-06 21:00:00,121.24
2024-10-06 22:00:00,116.18
2024-10-06 23:00:00,115.89
2024-10-07 00:00:00,113.53
2024-10-07 01:00:00,102.18
2024-10-07 02:00:00,96.76
2024-10-07 03:00:00,93.65
2024-10-07 04:00:00,93.64
2024-10-07 05:00:00,96.75
2024-10-07 06:00:00,113.68
2024-10-07 07:00:00,115.85
2024-10-07 08:00:00,117.96
2024-10-07 09:00:00,118.35
2024-10-07 10:00:00,116.3
2024-10-07 11:00:00,116.5
2024-10-07 12:00:00,110.15
2024-10-07 13:00:00,111.87
2024-10-07 14:00:00,120.96
2024-10-07 15:00:00,119.75
2024-10-07 16:00:00,296.77
2024-10-07 17:00:00,380.0
2024-10-07 18:00:00,202.2
2024-10-07 19:00:00,284.97
2024-10-07 20:00:00,202.74
2024-10-07 21:00:00,201.83
2024-10-07 22:00:00,116.51
2024-10-07 23:00:00,116.08
2024-10-08 00:00:00,113.96
2024-10-08 01:00:00,113.81
2024-10-08 02:00:00,111.74
2024-10-08 03:00:00,108.54
2024-10-08 04:00:00,105.79
2024-10-08 05:00:00,112.2
2024-10-08 06:00:00,116.27
2024-10-08 07:00:00,116.21
2024-10-08 08:00:00,201.81
2024-10-08 09:00:00,169.23
2024-10-08 10:00:00,119.73
2024-10-08 11:00:00,116.32
2024-10-08 12:00:00,113.76
2024-10-08 13:00:00,113.79
2024-10-08 14:00:00,116.16
2024-10-08 15:00:00,116.15
2024-10-08 16:00:00,119.81
2024-10-08 17:00:00,166.62
2024-10-08 18:00:00,207.22
2024-10-08 19:00:00,384.1
2024-10-08 20:00:00,278.27
2024-10-08 21:00:00,202.05
2024-10-08 22:00:00,119.87
2024-10-08 23:00:00,116.56
2024-10-09 00:00:00,114.04
2024-10-09 01:00:00,112.22
2024-10-09 02:00:00,105.87
2024-10-09 03:00:00,101.83
2024-10-09 04:00:00,101.45
2024-10-09 05:00:00,111.54
2024-10-09 06:00:00,116.12
2024-10-09 07:00:00,460.93
2024-10-09 08:00:00,4209.23
2024-10-09 09:00:00,4210.46
2024-10-09 10:00:00,314.32
2024-10-09 11:00:00,119.75
2024-10-09 12:00:00,118.48
2024-10-09 13:00:00,115.96
2024-10-09 14:00:00,116.11
2024-10-09 15:00:00,202.78
2024-10-09 16:00:00,498.33
2024-10-09 17:00:00,339.56
2024-10-09 18:00:00,384.82
2024-10-09 19:00:00,461.07
2024-10-09 20:00:00,498.33
2024-10-09 21:00:00,351.04
2024-10-09 22:00:00,202.95
2024-10-09 23:00:00,141.74
2024-10-10 00:00:00,116.67
2024-10-10 01:00:00,116.3
2024-10-10 02:00:00,114.19
2024-10-10 03:00:00,102.18
2024-10-10 04:00:00,100.98
2024-10-10 05:00:00,113.86
2024-10-10 06:00:00,118.13
2024-10-10 07:00:00,125.32
2024-10-10 08:00:00,202.8
2024-10-10 09:00:00,300.87
2024-10-10 10:00:00,300.76
2024-10-10 11:00:00,223.89
2024-10-10 12:00:00,118.0
2024-10-10 13:00:00,116.2
2024-10-10 14:00:00,116.03
2024-10-10 15:00:00,156.29
2024-10-10 16:00:00,223.3
2024-10-10 17:00:00,300.76
2024-10-10 18:00:00,300.93
2024-10-10 19:00:00,300.93
2024-10-10 20:00:00,300.81
2024-10-10 21:00:00,234.73
2024-10-10 22:00:00,201.98
2024-10-10 23:00:00,125.98
2024-10-11 00:00:00,116.13
2024-10-11 01:00:00,113.99
2024-10-11 02:00:00,113.74
2024-10-11 03:00:00,111.95
2024-10-11 04:00:00,101.8
2024-10-11 05:00:00,113.74
2024-10-11 06:00:00,116.13
2024-10-11 07:00:00,116.26
2024-10-11 08:00:00,153.74
2024-10-11 09:00:00,201.73
2024-10-11 10:00:00,137.26
2024-10-11 11:00:00,119.74
2024-10-11 12:00:00,116.52
2024-10-11 13:00:00,116.36
2024-10-11 14:00:00,116.12
2024-10-11 15:00:00,118.58
2024-10-11 16:00:00,201.75
2024-10-11 17:00:00,201.92
2024-10-11 18:00:00,191.12
2024-10-11 19:00:00,208.05
2024-10-11 20:00:00,201.77
2024-10-11 21:00:00,155.67
2024-10-11 22:00:00,116.16
2024-10-11 23:00:00,116.05
2024-10-12 00:00:00,116.09
2024-10-12 01:00:00,113.79
2024-10-12 02:00:00,110.31
2024-10-12 03:00:00,106.31
2024-10-12 04:00:00,102.1
2024-10-12 05:00:00,106.29
2024-10-12 06:00:00,110.62
2024-10-12 07:00:00,113.72
2024-10-12 08:00:00,116.13
2024-10-12 09:00:00,116.1
2024-10-12 10:00:00,116.05
2024-10-12 11:00:00,116.25
2024-10-12 12:00:00,118.34
2024-10-12 13:00:00,118.66
2024-10-12 14:00:00,119.64
2024-10-12 15:00:00,116.21
2024-10-12 16:00:00,115.99
2024-10-12 17:00:00,116.19
2024-10-12 18:00:00,119.02
2024-10-12 19:00:00,124.19
2024-10-12 20:00:00,124.2
2024-10-12 21:00:00,121.28
2024-10-12 22:00:00,117.52
2024-10-12 23:00:00,116.08
2024-10-13 00:00:00,113.81
2024-10-13 01:00:00,101.84
2024-10-13 02:00:00,93.76
2024-10-13 03:00:00,86.22
2024-10-13 04:00:00,84.54
2024-10-13 05:00:00,85.05
2024-10-13 06:00:00,93.76
2024-10-13 07:00:00,95.41
2024-10-13 08:00:00,101.88
2024-10-13 09:00:00,93.69
2024-10-13 10:00:00,87.66
2024-10-13 11:00:00,84.4
2024-10-13 12:00:00,83.47
2024-10-13 13:00:00,83.62
2024-10-13 14:00:00,94.06
2024-10-13 15:00:00,93.74
2024-10-13 16:00:00,89.7
2024-10-13 17:00:00,107.67
2024-10-13 18:00:00,116.29
2024-10-13 19:00:00,136.75
2024-10-13 20:00:00,201.79
2024-10-13 21:00:00,150.73
2024-10-13 22:00:00,118.93
2024-10-13 23:00:00,116.24
2024-10-14 00:00:00,113.78
2024-10-14 01:00:00,105.91
2024-10-14 02:00:00,95.94
2024-10-14 03:00:00,93.52
2024-10-14 04:00:00,87.68
2024-10-14 05:00:00,93.8
2024-10-14 06:00:00,111.92
2024-10-14 07:00:00,115.89
2024-10-14 08:00:00,118.06
2024-10-14 09:00:00,261.46
2024-10-14 10:00:00,202.67
2024-10-14 11:00:00,201.85
2024-10-14 12:00:00,156.95
2024-10-14 13:00:00,154.11
2024-10-14 14:00:00,116.13
2024-10-14 15:00:00,113.73
2024-10-14 16:00:00,116.05
2024-10-14 17:00:00,116.15
2024-10-14 18:00:00,118.84
2024-10-14 19:00:00,124.11
2024-10-14 20:00:00,124.17
2024-10-14 21:00:00,118.85
2024-10-14 22:00:00,116.0
2024-10-14 23:00:00,113.75
2024-10-15 00:00:00,96.13
2024-10-15 01:00:00,93.76
2024-10-15 02:00:00,83.84
2024-10-15 03:00:00,83.68
2024-10-15 04:00:00,83.68
2024-10-15 05:00:00,93.99
2024-10-15 06:00:00,113.73
2024-10-15 07:00:00,115.74
2024-10-15 08:00:00,117.9
2024-10-15 09:00:00,253.95
2024-10-15 10:00:00,117.76
2024-10-15 11:00:00,117.77
2024-10-15 12:00:00,110.4
2024-10-15 13:00:00,94.22
2024-10-15 14:00:00,95.22
2024-10-15 15:00:00,101.44
2024-10-15 16:00:00,113.71
2024-10-15 17:00:00,115.83
2024-10-15 18:00:00,126.08
2024-10-15 19:00:00,241.41
2024-10-15 20:00:00,240.49
2024-10-15 21:00:00,162.35
2024-10-15 22:00:00,116.15
2024-10-15 23:00:00,115.88
2024-10-16 00:00:00,102.84
2024-10-16 01:00:00,96.58
2024-10-16 02:00:00,90.02
2024-10-16 03:00:00,89.68
2024-10-16 04:00:00,89.68
2024-10-16 05:00:00,94.8
2024-10-16 06:00:00,113.74
2024-10-16 07:00:00,115.83
2024-10-16 08:00:00,138.23
2024-10-16 09:00:00,118.7
2024-10-16 10:00:00,118.2
2024-10-16 11:00:00,123.02
2024-10-16 12:00:00,120.52
2024-10-16 13:00:00,116.07
2024-10-16 14:00:00,126.21
2024-10-16 15:00:00,118.86
2024-10-16 16:00:00,115.64
2024-10-16 17:00:00,118.86
2024-10-16 18:00:00,125.9
2024-10-16 19:00:00,243.58
2024-10-16 20:00:00,223.99
2024-10-16 21:00:00,143.34
2024-10-16 22:00:00,120.68
2024-10-16 23:00:00,118.98
2024-10-17 00:00:00,111.76
2024-10-17 01:00:00,110.34
2024-10-17 02:00:00,94.04
2024-10-17 03:00:00,81.93
2024-10-17 04:00:00,82.38
2024-10-17 05:00:00,102.28
2024-10-17 06:00:00,115.81
2024-10-17 07:00:00,115.91
2024-10-17 08:00:00,120.66
2024-10-17 09:00:00,160.47
2024-10-17 10:00:00,202.32
2024-10-17 11:00:00,218.69
2024-10-17 12:00:00,114.88
2024-10-17 13:00:00,113.68
2024-10-17 14:00:00,115.7
2024-10-17 15:00:00,115.7
2024-10-17 16:00:00,116.08
2024-10-17 17:00:00,116.1
2024-10-17 18:00:00,124.18
2024-10-17 19:00:00,159.82
2024-10-17 20:00:00,126.26
2024-10-17 21:00:00,118.99
2024-10-17 22:00:00,116.16
2024-10-17 23:00:00,114.93
2024-10-18 00:00:00,102.31
2024-10-18 01:00:00,97.8
2024-10-18 02:00:00,92.71
2024-10-18 03:00:00,91.7
2024-10-18 04:00:00,91.7
2024-10-18 05:00:00,96.64
2024-10-18 06:00:00,115.0
2024-10-18 07:00:00,116.26
2024-10-18 08:00:00,118.95
2024-10-18 09:00:00,116.15
2024-10-18 10:00:00,116.16
2024-10-18 11:00:00,114.91
2024-10-18 12:00:00,98.58
2024-10-18 13:00:00,120.73
2024-10-18 14:00:00,378.03
2024-10-18 15:00:00,124.01
2024-10-18 16:00:00,120.62
2024-10-18 17:00:00,118.96
2024-10-18 18:00:00,132.64
2024-10-18 19:00:00,218.26
2024-10-18 20:00:00,125.69
2024-10-18 21:00:00,119.99
2024-10-18 22:00:00,116.22
2024-10-18 23:00:00,115.81
2024-10-19 00:00:00,116.12
2024-10-19 01:00:00,112.47
2024-10-19 02:00:00,98.67
2024-10-19 03:00:00,95.73
2024-10-19 04:00:00,94.07
2024-10-19 05:00:00,95.77
2024-10-19 06:00:00,102.15
2024-10-19 07:00:00,113.73
2024-10-19 08:00:00,115.79
2024-10-19 09:00:00,115.64
2024-10-19 10:00:00,115.6
2024-10-19 11:00:00,114.91
2024-10-19 12:00:00,109.84
2024-10-19 13:00:00,98.59
2024-10-19 14:00:00,115.74
2024-10-19 15:00:00,92.72
2024-10-19 16:00:00,113.77
2024-10-19 17:00:00,115.75
2024-10-19 18:00:00,116.35
2024-10-19 19:00:00,124.12
2024-10-19 20:00:00,124.14
2024-10-19 21:00:00,120.69
2024-10-19 22:00:00,116.37
2024-10-19 23:00:00,115.98
2024-10-20 00:00:00,112.77
2024-10-20 01:00:00,103.33
2024-10-20 02:00:00,95.83
2024-10-20 03:00:00,92.64
2024-10-20 04:00:00,91.76
2024-10-20 05:00:00,88.73
2024-10-20 06:00:00,92.64
2024-10-20 07:00:00,92.75
2024-10-20 08:00:00,98.64
2024-10-20 09:00:00,114.99
2024-10-20 10:00:00,112.32
2024-10-20 11:00:00,96.54
2024-10-20 12:00:00,87.5
2024-10-20 13:00:00,85.2
2024-10-20 14:00:00,88.67
2024-10-20 15:00:00,92.52
2024-10-20 16:00:00,99.44
2024-10-20 17:00:00,113.82
2024-10-20 18:00:00,115.74
2024-10-20 19:00:00,118.96
2024-10-20 20:00:00,130.96
2024-10-20 21:00:00,124.15
2024-10-20 22:00:00,116.04
2024-10-20 23:00:00,115.74
2024-10-21 00:00:00,102.89
2024-10-21 01:00:00,83.93
2024-10-21 02:00:00,90.7
2024-10-21 03:00:00,87.55
2024-10-21 04:00:00,88.69
2024-10-21 05:00:00,94.76
2024-10-21 06:00:00,111.76
2024-10-21 07:00:00,114.93
2024-10-21 08:00:00,118.91
2024-10-21 09:00:00,118.95
2024-10-21 10:00:00,116.16
2024-10-21 11:00:00,114.9
2024-10-21 12:00:00,109.82
2024-10-21 13:00:00,108.87
2024-10-21 14:00:00,97.53
2024-10-21 15:00:00,110.61
2024-10-21 16:00:00,115.75
2024-10-21 17:00:00,118.94
2024-10-21 18:00:00,166.81
2024-10-21 19:00:00,225.15
2024-10-21 20:00:00,169.1
2024-10-21 21:00:00,125.69
2024-10-21 22:00:00,119.0
2024-10-21 23:00:00,115.88
2024-10-22 00:00:00,112.33
2024-10-22 01:00:00,109.95
2024-10-22 02:00:00,104.25
2024-10-22 03:00:00,91.61
2024-10-22 04:00:00,91.58
2024-10-22 05:00:00,109.91
2024-10-22 06:00:00,116.12
2024-10-22 07:00:00,118.87
2024-10-22 08:00:00,134.84
2024-10-22 09:00:00,125.57
2024-10-22 10:00:00,123.92
2024-10-22 11:00:00,115.96
2024-10-22 12:00:00,115.72
2024-10-22 13:00:00,115.75
2024-10-22 14:00:00,113.76
2024-10-22 15:00:00,107.85
2024-10-22 16:00:00,115.86
2024-10-22 17:00:00,124.14
2024-10-22 18:00:00,586.11
2024-10-22 19:00:00,410.47
2024-10-22 20:00:00,250.87
2024-10-22 21:00:00,221.25
2024-10-22 22:00:00,134.92
2024-10-22 23:00:00,134.66
2024-10-23 00:00:00,116.14
2024-10-23 01:00:00,115.97
2024-10-23 02:00:00,115.02
2024-10-23 03:00:00,110.57
2024-10-23 04:00:00,110.5
2024-10-23 05:00:00,115.67
2024-10-23 06:00:00,125.47
2024-10-23 07:00:00,123.95
2024-10-23 08:00:00,234.8
2024-10-23 09:00:00,139.04
2024-10-23 10:00:00,115.72
2024-10-23 11:00:00,110.69
2024-10-23 12:00:00,112.49
2024-10-23 13:00:00,110.62
2024-10-23 14:00:00,98.54
2024-10-23 15:00:00,110.71
2024-10-23 16:00:00,115.76
2024-10-23 17:00:00,728.16
2024-10-23 18:00:00,582.74
2024-10-23 19:00:00,578.77
2024-10-23 20:00:00,396.77
2024-10-23 21:00:00,251.12
2024-10-23 22:00:00,212.98
2024-10-23 23:00:00,209.51
2024-10-24 00:00:00,125.34
2024-10-24 01:00:00,116.13
2024-10-24 02:00:00,115.01
2024-10-24 03:00:00,114.95
2024-10-24 04:00:00,112.91
2024-10-24 05:00:00,115.0
2024-10-24 06:00:00,120.52
2024-10-24 07:00:00,117.34
2024-10-24 08:00:00,121.81
2024-10-24 09:00:00,118.89
2024-10-24 10:00:00,123.94
2024-10-24 11:00:00,117.29
2024-10-24 12:00:00,115.97
2024-10-24 13:00:00,115.74
2024-10-24 14:00:00,113.75
2024-10-24 15:00:00,115.75
2024-10-24 16:00:00,118.95
2024-10-24 17:00:00,687.78
2024-10-24 18:00:00,251.13
2024-10-24 19:00:00,250.82
2024-10-24 20:00:00,250.82
2024-10-24 21:00:00,195.93
2024-10-24 22:00:00,125.1
2024-10-24 23:00:00,118.45
2024-10-25 00:00:00,142.73
2024-10-25 01:00:00,118.9
2024-10-25 02:00:00,116.28
2024-10-25 03:00:00,115.64
2024-10-25 04:00:00,113.81
2024-10-25 05:00:00,118.44
2024-10-25 06:00:00,125.1
2024-10-25 07:00:00,139.65
2024-10-25 08:00:00,226.34
2024-10-25 09:00:00,251.52
2024-10-25 10:00:00,125.05
2024-10-25 11:00:00,125.03
2024-10-25 12:00:00,118.75
2024-10-25 13:00:00,116.02
2024-10-25 14:00:00,118.98
2024-10-25 15:00:00,396.93
2024-10-25 16:00:00,258.25
2024-10-25 17:00:00,303.57
2024-10-25 18:00:00,163.02
2024-10-25 19:00:00,217.08
2024-10-25 20:00:00,215.77
2024-10-25 21:00:00,216.13
2024-10-25 22:00:00,139.94
2024-10-25 23:00:00,123.97
2024-10-26 00:00:00,116.11
2024-10-26 01:00:00,118.9
2024-10-26 02:00:00,115.68
2024-10-26 03:00:00,108.47
2024-10-26 04:00:00,88.78
2024-10-26 05:00:00,99.72
2024-10-26 06:00:00,108.51
2024-10-26 07:00:00,117.93
2024-10-26 08:00:00,118.97
2024-10-26 09:00:00,118.83
2024-10-26 10:00:00,120.27
2024-10-26 11:00:00,115.74
2024-10-26 12:00:00,99.8
2024-10-26 13:00:00,99.52
2024-10-26 14:00:00,86.21
2024-10-26 15:00:00,115.73
2024-10-26 16:00:00,118.97
2024-10-26 17:00:00,120.57
2024-10-26 18:00:00,149.41
2024-10-26 19:00:00,250.89
2024-10-26 20:00:00,251.4
2024-10-26 21:00:00,251.19
2024-10-26 22:00:00,148.78
2024-10-26 23:00:00,125.1
2024-10-27 00:00:00,124.08
2024-10-27 01:00:00,119.01
2024-10-27 02:00:00,115.72
2024-10-27 03:00:00,115.4
2024-10-27 04:00:00,112.74
2024-10-27 05:00:00,108.72
2024-10-27 06:00:00,115.64
2024-10-27 07:00:00,115.62
2024-10-27 08:00:00,115.51
2024-10-27 09:00:00,112.78
2024-10-27 10:00:00,105.99
2024-10-27 11:00:00,86.24
2024-10-27 12:00:00,85.34
2024-10-27 13:00:00,81.18
2024-10-27 14:00:00,86.47
2024-10-27 15:00:00,86.48
2024-10-27 16:00:00,107.6
2024-10-27 17:00:00,118.96
2024-10-27 18:00:00,251.42
2024-10-27 19:00:00,397.02
2024-10-27 20:00:00,396.58
2024-10-27 21:00:00,295.51
2024-10-27 22:00:00,251.33
2024-10-27 23:00:00,253.94
2024-10-28 00:00:00,357.05
2024-10-28 01:00:00,212.91
2024-10-28 02:00:00,120.47
2024-10-28 03:00:00,116.09
2024-10-28 04:00:00,116.09
2024-10-28 05:00:00,119.05
2024-10-28 06:00:00,213.58
2024-10-28 07:00:00,218.06
2024-10-28 08:00:00,254.18
2024-10-28 09:00:00,552.32
2024-10-28 10:00:00,4305.21
2024-10-28 11:00:00,4095.26
2024-10-28 12:00:00,125.39
2024-10-28 13:00:00,120.43
2024-10-28 14:00:00,116.07
2024-10-28 15:00:00,124.97
2024-10-28 16:00:00,254.04
2024-10-28 17:00:00,396.87
2024-10-28 18:00:00,396.94
2024-10-28 19:00:00,489.08
2024-10-28 20:00:00,484.06
2024-10-28 21:00:00,397.12
2024-10-28 22:00:00,396.97
2024-10-28 23:00:00,251.3
2024-10-29 00:00:00,218.3
2024-10-29 01:00:00,125.2
2024-10-29 02:00:00,120.63
2024-10-29 03:00:00,119.09
2024-10-29 04:00:00,118.81
2024-10-29 05:00:00,120.64
2024-10-29 06:00:00,128.57
2024-10-29 07:00:00,218.14
2024-10-29 08:00:00,329.6
2024-10-29 09:00:00,260.68
2024-10-29 10:00:00,254.0
2024-10-29 11:00:00,131.57
2024-10-29 12:00:00,123.8
2024-10-29 13:00:00,125.54
2024-10-29 14:00:00,254.29
2024-10-29 15:00:00,205.92
2024-10-29 16:00:00,250.09
2024-10-29 17:00:00,249.02
2024-10-29 18:00:00,689.79
2024-10-29 19:00:00,551.9
2024-10-29 20:00:00,442.05
2024-10-29 21:00:00,340.13
2024-10-29 22:00:00,321.83
2024-10-29 23:00:00,396.15
2024-10-30 00:00:00,216.07
2024-10-30 01:00:00,128.46
2024-10-30 02:00:00,122.76
2024-10-30 03:00:00,116.33
2024-10-30 04:00:00,116.32
2024-10-30 05:00:00,119.1
2024-10-30 06:00:00,128.43
2024-10-30 07:00:00,196.46
2024-10-30 08:00:00,254.08
2024-10-30 09:00:00,247.29
2024-10-30 10:00:00,165.44
2024-10-30 11:00:00,130.92
2024-10-30 12:00:00,130.49
2024-10-30 13:00:00,117.09
2024-10-30 14:00:00,116.13
2024-10-30 15:00:00,682.1
2024-10-30 16:00:00,254.17
2024-10-30 17:00:00,150.07
2024-10-30 18:00:00,255.68
2024-10-30 19:00:00,519.73
2024-10-30 20:00:00,254.19
2024-10-30 21:00:00,266.49
2024-10-30 22:00:00,224.37
2024-10-30 23:00:00,215.76
2024-10-31 00:00:00,116.49
2024-10-31 01:00:00,115.77
2024-10-31 02:00:00,116.15
2024-10-31 03:00:00,115.96
2024-10-31 04:00:00,115.71
2024-10-31 05:00:00,113.77
2024-10-31 06:00:00,115.96
2024-10-31 07:00:00,115.88
2024-10-31 08:00:00,115.89
2024-10-31 09:00:00,115.57
2024-10-31 10:00:00,113.72
2024-10-31 11:00:00,115.75
2024-10-31 12:00:00,95.62
2024-10-31 13:00:00,86.24
2024-10-31 14:00:00,86.94
2024-10-31 15:00:00,110.5
2024-10-31 16:00:00,114.45
2024-10-31 17:00:00,115.87
2024-10-31 18:00:00,155.19
2024-10-31 19:00:00,193.5
2024-10-31 20:00:00,215.54
2024-10-31 21:00:00,193.53
2024-10-31 22:00:00,126.11
2024-10-31 23:00:00,119.06
2024-11-01 00:00:00,357.0
2024-11-01 01:00:00,120.44
2024-11-01 02:00:00,116.14
2024-11-01 03:00:00,115.71
2024-11-01 04:00:00,115.71
2024-11-01 05:00:00,115.07
2024-11-01 06:00:00,115.78
2024-11-01 07:00:00,116.14
2024-11-01 08:00:00,120.53
2024-11-01 09:00:00,116.07
2024-11-01 10:00:00,112.53
2024-11-01 11:00:00,92.61
2024-11-01 12:00:00,94.32
2024-11-01 13:00:00,112.83
2024-11-01 14:00:00,116.06
2024-11-01 15:00:00,253.69
2024-11-01 16:00:00,253.91
2024-11-01 17:00:00,120.94
2024-11-01 18:00:00,118.39
2024-11-01 19:00:00,123.33
2024-11-01 20:00:00,123.33
2024-11-01 21:00:00,123.34
2024-11-01 22:00:00,140.27
2024-11-01 23:00:00,140.2
2024-11-02 00:00:00,102.73
2024-11-02 01:00:00,115.55
2024-11-02 02:00:00,110.74
2024-11-02 03:00:00,102.68
2024-11-02 04:00:00,102.68
2024-11-02 05:00:00,102.68
2024-11-02 06:00:00,115.81
2024-11-02 07:00:00,115.86
2024-11-02 08:00:00,120.05
2024-11-02 09:00:00,123.42
2024-11-02 10:00:00,115.85
2024-11-02 11:00:00,110.38
2024-11-02 12:00:00,116.13
2024-11-02 13:00:00,213.2
2024-11-02 14:00:00,123.91
2024-11-02 15:00:00,117.28
2024-11-02 16:00:00,115.69
2024-11-02 17:00:00,110.69
2024-11-02 18:00:00,115.75
2024-11-02 19:00:00,116.1
2024-11-02 20:00:00,117.29
2024-11-02 21:00:00,116.1
2024-11-02 22:00:00,116.01
2024-11-02 23:00:00,116.17
2024-11-03 00:00:00,116.24
2024-11-03 01:00:00,111.15
2024-11-03 02:00:00,110.63
2024-11-03 03:00:00,98.76
2024-11-03 04:00:00,90.84
2024-11-03 05:00:00,97.32
2024-11-03 06:00:00,105.73
2024-11-03 07:00:00,111.41
2024-11-03 08:00:00,111.63
2024-11-03 09:00:00,89.27
2024-11-03 10:00:00,82.63
2024-11-03 11:00:00,80.29
2024-11-03 12:00:00,80.62
2024-11-03 13:00:00,115.82
2024-11-03 14:00:00,115.86
2024-11-03 15:00:00,117.41
2024-11-03 16:00:00,116.83
2024-11-03 17:00:00,115.69
2024-11-03 18:00:00,115.94
2024-11-03 19:00:00,117.41
2024-11-03 20:00:00,129.61
2024-11-03 21:00:00,149.84
2024-11-03 22:00:00,123.83
2024-11-03 23:00:00,116.15
2024-11-04 00:00:00,117.34
2024-11-04 01:00:00,110.72
2024-11-04 02:00:00,102.1
2024-11-04 03:00:00,84.73
2024-11-04 04:00:00,79.97
2024-11-04 05:00:00,80.11
2024-11-04 06:00:00,97.05
2024-11-04 07:00:00,115.74
2024-11-04 08:00:00,123.66
2024-11-04 09:00:00,123.6
2024-11-04 10:00:00,123.51
2024-11-04 11:00:00,117.33
2024-11-04 12:00:00,110.49
2024-11-04 13:00:00,87.03
2024-11-04 14:00:00,92.74
2024-11-04 15:00:00,110.6
2024-11-04 16:00:00,116.08
2024-11-04 17:00:00,115.79
2024-11-04 18:00:00,116.23
2024-11-04 19:00:00,116.44
2024-11-04 20:00:00,123.42
2024-11-04 21:00:00,121.43
2024-11-04 22:00:00,116.53
2024-11-04 23:00:00,116.26
2024-11-05 00:00:00,110.38
2024-11-05 01:00:00,99.09
2024-11-05 02:00:00,94.09
2024-11-05 03:00:00,81.7
2024-11-05 04:00:00,77.47
2024-11-05 05:00:00,82.73
2024-11-05 06:00:00,115.38
2024-11-05 07:00:00,116.2
2024-11-05 08:00:00,123.87
2024-11-05 09:00:00,120.75
2024-11-05 10:00:00,116.01
2024-11-05 11:00:00,115.92
2024-11-05 12:00:00,110.66
2024-11-05 13:00:00,116.18
2024-11-05 14:00:00,129.61
2024-11-05 15:00:00,121.08
2024-11-05 16:00:00,123.89
2024-11-05 17:00:00,126.32
2024-11-05 18:00:00,130.16
2024-11-05 19:00:00,142.65
2024-11-05 20:00:00,207.7
2024-11-05 21:00:00,223.37
2024-11-05 22:00:00,140.41
2024-11-05 23:00:00,124.0
2024-11-06 00:00:00,115.59
2024-11-06 01:00:00,108.34
2024-11-06 02:00:00,93.57
2024-11-06 03:00:00,80.25
2024-11-06 04:00:00,79.88
2024-11-06 05:00:00,83.9
2024-11-06 06:00:00,115.78
2024-11-06 07:00:00,120.59
2024-11-06 08:00:00,140.05
2024-11-06 09:00:00,142.92
2024-11-06 10:00:00,120.69
2024-11-06 11:00:00,115.56
2024-11-06 12:00:00,115.96
2024-11-06 13:00:00,120.55
2024-11-06 14:00:00,116.37
2024-11-06 15:00:00,116.43
2024-11-06 16:00:00,116.22
2024-11-06 17:00:00,123.49
2024-11-06 18:00:00,123.65
2024-11-06 19:00:00,174.3
2024-11-06 20:00:00,249.36
2024-11-06 21:00:00,225.85
2024-11-06 22:00:00,221.72
2024-11-06 23:00:00,120.69
2024-11-07 00:00:00,98.85
2024-11-07 01:00:00,99.31
2024-11-07 02:00:00,87.84
2024-11-07 03:00:00,87.72
2024-11-07 04:00:00,83.88
2024-11-07 05:00:00,89.77
2024-11-07 06:00:00,111.53
2024-11-07 07:00:00,115.6
2024-11-07 08:00:00,117.47
2024-11-07 09:00:00,116.47
2024-11-07 10:00:00,117.48
2024-11-07 11:00:00,115.62
2024-11-07 12:00:00,115.57
2024-11-07 13:00:00,116.29
2024-11-07 14:00:00,125.53
2024-11-07 15:00:00,116.27
2024-11-07 16:00:00,121.53
2024-11-07 17:00:00,139.15
2024-11-07 18:00:00,123.96
2024-11-07 19:00:00,155.96
2024-11-07 20:00:00,164.95
2024-11-07 21:00:00,158.47
2024-11-07 22:00:00,124.0
2024-11-07 23:00:00,119.86
2024-11-08 00:00:00,83.92
2024-11-08 01:00:00,99.5
2024-11-08 02:00:00,82.74
2024-11-08 03:00:00,80.11
2024-11-08 04:00:00,79.99
2024-11-08 05:00:00,89.7
2024-11-08 06:00:00,115.69
2024-11-08 07:00:00,116.84
2024-11-08 08:00:00,132.23
2024-11-08 09:00:00,123.89
2024-11-08 10:00:00,116.25
2024-11-08 11:00:00,83.15
2024-11-08 12:00:00,82.56
2024-11-08 13:00:00,84.36
2024-11-08 14:00:00,115.84
2024-11-08 15:00:00,93.25
2024-11-08 16:00:00,116.36
2024-11-08 17:00:00,118.41
2024-11-08 18:00:00,131.59
2024-11-08 19:00:00,164.57
2024-11-08 20:00:00,131.57
2024-11-08 21:00:00,123.72
2024-11-08 22:00:00,117.46
2024-11-08 23:00:00,116.7
2024-11-09 00:00:00,115.34
2024-11-09 01:00:00,110.78
2024-11-09 02:00:00,93.72
2024-11-09 03:00:00,83.92
2024-11-09 04:00:00,81.73
2024-11-09 05:00:00,88.66
2024-11-09 06:00:00,102.52
2024-11-09 07:00:00,112.57
2024-11-09 08:00:00,116.11
2024-11-09 09:00:00,116.01
2024-11-09 10:00:00,104.8
2024-11-09 11:00:00,115.75
2024-11-09 12:00:00,116.22
2024-11-09 13:00:00,95.88
2024-11-09 14:00:00,115.82
2024-11-09 15:00:00,115.71
2024-11-09 16:00:00,116.21
2024-11-09 17:00:00,116.22
2024-11-09 18:00:00,120.72
2024-11-09 19:00:00,123.83
2024-11-09 20:00:00,130.72
2024-11-09 21:00:00,123.91
2024-11-09 22:00:00,123.68
2024-11-09 23:00:00,120.63
2024-11-10 00:00:00,125.59
2024-11-10 01:00:00,115.71
2024-11-10 02:00:00,94.05
2024-11-10 03:00:00,83.92
2024-11-10 04:00:00,80.67
2024-11-10 05:00:00,81.71
2024-11-10 06:00:00,94.19
2024-11-10 07:00:00,101.89
2024-11-10 08:00:00,123.49
2024-11-10 09:00:00,125.5
2024-11-10 10:00:00,103.26
2024-11-10 11:00:00,79.14
2024-11-10 12:00:00,80.57
2024-11-10 13:00:00,80.21
2024-11-10 14:00:00,96.8
2024-11-10 15:00:00,94.51
2024-11-10 16:00:00,115.73
2024-11-10 17:00:00,125.57
2024-11-10 18:00:00,130.63
2024-11-10 19:00:00,160.91
2024-11-10 20:00:00,170.23
2024-11-10 21:00:00,156.53
2024-11-10 22:00:00,130.71
2024-11-10 23:00:00,125.54
2024-11-11 00:00:00,84.77
2024-11-11 01:00:00,79.9
2024-11-11 02:00:00,76.21
2024-11-11 03:00:00,73.18
2024-11-11 04:00:00,70.48
2024-11-11 05:00:00,76.63
2024-11-11 06:00:00,88.81
2024-11-11 07:00:00,115.71
2024-11-11 08:00:00,119.96
2024-11-11 09:00:00,117.28
2024-11-11 10:00:00,116.19
2024-11-11 11:00:00,115.82
2024-11-11 12:00:00,115.96
2024-11-11 13:00:00,119.33
2024-11-11 14:00:00,120.36
2024-11-11 15:00:00,226.93
2024-11-11 16:00:00,356.84
2024-11-11 17:00:00,314.56
2024-11-11 18:00:00,228.72
2024-11-11 19:00:00,226.11
2024-11-11 20:00:00,225.9
2024-11-11 21:00:00,154.18
2024-11-11 22:00:00,123.47
2024-11-11 23:00:00,117.34
2024-11-12 00:00:00,115.01
2024-11-12 01:00:00,80.72
2024-11-12 02:00:00,83.89
2024-11-12 03:00:00,80.4
2024-11-12 04:00:00,80.68
2024-11-12 05:00:00,98.72
2024-11-12 06:00:00,116.72
2024-11-12 07:00:00,120.76
2024-11-12 08:00:00,123.54
2024-11-12 09:00:00,123.3
2024-11-12 10:00:00,131.58
2024-11-12 11:00:00,123.85
2024-11-12 12:00:00,92.02
2024-11-12 13:00:00,88.48
2024-11-12 14:00:00,97.87
2024-11-12 15:00:00,120.95
2024-11-12 16:00:00,123.6
2024-11-12 17:00:00,247.0
2024-11-12 18:00:00,206.71
2024-11-12 19:00:00,223.29
2024-11-12 20:00:00,220.3
2024-11-12 21:00:00,213.52
2024-11-12 22:00:00,123.88
2024-11-12 23:00:00,123.4
2024-11-13 00:00:00,115.53
2024-11-13 01:00:00,110.35
2024-11-13 02:00:00,89.5
2024-11-13 03:00:00,80.22
2024-11-13 04:00:00,80.4
2024-11-13 05:00:00,94.35
2024-11-13 06:00:00,115.87
2024-11-13 07:00:00,120.39
2024-11-13 08:00:00,123.84
2024-11-13 09:00:00,120.98
2024-11-13 10:00:00,116.28
2024-11-13 11:00:00,128.71
2024-11-13 12:00:00,117.25
2024-11-13 13:00:00,116.28
2024-11-13 14:00:00,131.13
2024-11-13 15:00:00,123.84
2024-11-13 16:00:00,144.72
2024-11-13 17:00:00,123.34
2024-11-13 18:00:00,123.56
2024-11-13 19:00:00,123.66
2024-11-13 20:00:00,123.92
2024-11-13 21:00:00,123.6
2024-11-13 22:00:00,121.4
2024-11-13 23:00:00,115.89
2024-11-14 00:00:00,98.89
2024-11-14 01:00:00,90.66
2024-11-14 02:00:00,84.27
2024-11-14 03:00:00,80.24
2024-11-14 04:00:00,80.24
2024-11-14 05:00:00,89.77
2024-11-14 06:00:00,110.95
2024-11-14 07:00:00,123.38
2024-11-14 08:00:00,123.85
2024-11-14 09:00:00,123.67
2024-11-14 10:00:00,123.39
2024-11-14 11:00:00,117.38
2024-11-14 12:00:00,123.48
2024-11-14 13:00:00,123.68
2024-11-14 14:00:00,213.33
2024-11-14 15:00:00,123.88
2024-11-14 16:00:00,123.64
2024-11-14 17:00:00,124.03
2024-11-14 18:00:00,124.07
2024-11-14 19:00:00,170.91
2024-11-14 20:00:00,168.67
2024-11-14 21:00:00,124.12
2024-11-14 22:00:00,124.02
2024-11-14 23:00:00,122.79
2024-11-15 00:00:00,117.18
2024-11-15 01:00:00,100.43
2024-11-15 02:00:00,92.79
2024-11-15 03:00:00,88.72
2024-11-15 04:00:00,88.72
2024-11-15 05:00:00,93.83
2024-11-15 06:00:00,121.78
2024-11-15 07:00:00,124.1
2024-11-15 08:00:00,124.4
2024-11-15 09:00:00,124.39
2024-11-15 10:00:00,124.4
2024-11-15 11:00:00,124.21
2024-11-15 12:00:00,124.11
2024-11-15 13:00:00,124.12
2024-11-15 14:00:00,124.55
2024-11-15 15:00:00,124.52
2024-11-15 16:00:00,124.64
2024-11-15 17:00:00,127.66
2024-11-15 18:00:00,152.66
2024-11-15 19:00:00,214.54
2024-11-15 20:00:00,162.49
2024-11-15 21:00:00,124.57
2024-11-15 22:00:00,124.4
2024-11-15 23:00:00,124.49
2024-11-16 00:00:00,126.19
2024-11-16 01:00:00,124.2
2024-11-16 02:00:00,126.54
2024-11-16 03:00:00,120.9
2024-11-16 04:00:00,101.18
2024-11-16 05:00:00,112.84
2024-11-16 06:00:00,123.89
2024-11-16 07:00:00,124.07
2024-11-16 08:00:00,124.47
2024-11-16 09:00:00,124.62
2024-11-16 10:00:00,124.32
2024-11-16 11:00:00,124.67
2024-11-16 12:00:00,124.3
2024-11-16 13:00:00,124.31
2024-11-16 14:00:00,124.62
2024-11-16 15:00:00,250.48
2024-11-16 16:00:00,229.82
2024-11-16 17:00:00,124.52
2024-11-16 18:00:00,124.63
2024-11-16 19:00:00,124.66
2024-11-16 20:00:00,124.67
2024-11-16 21:00:00,124.6
2024-11-16 22:00:00,124.59
2024-11-16 23:00:00,124.47
2024-11-17 00:00:00,124.21
2024-11-17 01:00:00,123.79
2024-11-17 02:00:00,120.79
2024-11-17 03:00:00,115.72
2024-11-17 04:00:00,115.4
2024-11-17 05:00:00,120.42
2024-11-17 06:00:00,117.48
2024-11-17 07:00:00,120.81
2024-11-17 08:00:00,123.69
2024-11-17 09:00:00,121.37
2024-11-17 10:00:00,102.12
2024-11-17 11:00:00,91.02
2024-11-17 12:00:00,123.71
2024-11-17 13:00:00,124.29
2024-11-17 14:00:00,136.96
2024-11-17 15:00:00,129.09
2024-11-17 16:00:00,124.38
2024-11-17 17:00:00,124.19
2024-11-17 18:00:00,124.99
2024-11-17 19:00:00,126.73
2024-11-17 20:00:00,124.86
2024-11-17 21:00:00,124.81
2024-11-17 22:00:00,124.48
2024-11-17 23:00:00,124.16
2024-11-18 00:00:00,117.96
2024-11-18 01:00:00,106.56
2024-11-18 02:00:00,94.77
2024-11-18 03:00:00,89.7
2024-11-18 04:00:00,88.72
2024-11-18 05:00:00,112.42
2024-11-18 06:00:00,122.5
2024-11-18 07:00:00,124.34
2024-11-18 08:00:00,124.58
2024-11-18 09:00:00,124.37
2024-11-18 10:00:00,124.37
2024-11-18 11:00:00,124.17
2024-11-18 12:00:00,133.32
2024-11-18 13:00:00,214.26
2024-11-18 14:00:00,124.48
2024-11-18 15:00:00,124.52
2024-11-18 16:00:00,124.49
2024-11-18 17:00:00,124.48
2024-11-18 18:00:00,142.89
2024-11-18 19:00:00,124.51
2024-11-18 20:00:00,151.09
2024-11-18 21:00:00,124.52
2024-11-18 22:00:00,124.59
2024-11-18 23:00:00,124.15
2024-11-19 00:00:00,117.7
2024-11-19 01:00:00,109.86
2024-11-19 02:00:00,95.83
2024-11-19 03:00:00,95.45
2024-11-19 04:00:00,93.73
2024-11-19 05:00:00,100.22
2024-11-19 06:00:00,120.96
2024-11-19 07:00:00,125.34
2024-11-19 08:00:00,132.15
2024-11-19 09:00:00,168.08
2024-11-19 10:00:00,125.62
2024-11-19 11:00:00,125.53
2024-11-19 12:00:00,125.47
2024-11-19 13:00:00,125.48
2024-11-19 14:00:00,125.4
2024-11-19 15:00:00,125.34
2024-11-19 16:00:00,125.54
2024-11-19 17:00:00,145.58
2024-11-19 18:00:00,145.41
2024-11-19 19:00:00,143.24
2024-11-19 20:00:00,146.84
2024-11-19 21:00:00,125.67
2024-11-19 22:00:00,125.47
2024-11-19 23:00:00,125.34
2024-11-20 00:00:00,123.88
2024-11-20 01:00:00,115.63
2024-11-20 02:00:00,100.64
2024-11-20 03:00:00,90.93
2024-11-20 04:00:00,87.11
2024-11-20 05:00:00,100.64
2024-11-20 06:00:00,124.24
2024-11-20 07:00:00,125.28
2024-11-20 08:00:00,125.55
2024-11-20 09:00:00,160.46
2024-11-20 10:00:00,249.22
2024-11-20 11:00:00,125.59
2024-11-20 12:00:00,125.65
2024-11-20 13:00:00,125.63
2024-11-20 14:00:00,125.34
2024-11-20 15:00:00,125.35
2024-11-20 16:00:00,125.27
2024-11-20 17:00:00,125.5
2024-11-20 18:00:00,125.57
2024-11-20 19:00:00,137.98
2024-11-20 20:00:00,161.02
2024-11-20 21:00:00,125.67
2024-11-20 22:00:00,125.44
2024-11-20 23:00:00,123.91
2024-11-21 00:00:00,115.41
2024-11-21 01:00:00,94.78
2024-11-21 02:00:00,89.71
2024-11-21 03:00:00,80.42
2024-11-21 04:00:00,80.42
2024-11-21 05:00:00,90.08
2024-11-21 06:00:00,117.67
2024-11-21 07:00:00,125.77
2024-11-21 08:00:00,126.15
2024-11-21 09:00:00,125.98
2024-11-21 10:00:00,125.92
2024-11-21 11:00:00,125.99
2024-11-21 12:00:00,125.92
2024-11-21 13:00:00,139.25
2024-11-21 14:00:00,126.23
2024-11-21 15:00:00,126.13
2024-11-21 16:00:00,139.79
2024-11-21 17:00:00,126.15
2024-11-21 18:00:00,150.08
2024-11-21 19:00:00,126.61
2024-11-21 20:00:00,138.94
2024-11-21 21:00:00,135.88
2024-11-21 22:00:00,125.87
2024-11-21 23:00:00,125.58
2024-11-22 00:00:00,122.45
2024-11-22 01:00:00,117.6
2024-11-22 02:00:00,115.28
2024-11-22 03:00:00,100.72
2024-11-22 04:00:00,95.83
2024-11-22 05:00:00,113.06
2024-11-22 06:00:00,125.81
2024-11-22 07:00:00,126.0
2024-11-22 08:00:00,126.24
2024-11-22 09:00:00,126.12
2024-11-22 10:00:00,126.12
2024-11-22 11:00:00,126.13
2024-11-22 12:00:00,125.99
2024-11-22 13:00:00,126.08
2024-11-22 14:00:00,126.03
2024-11-22 15:00:00,145.1
2024-11-22 16:00:00,528.18
2024-11-22 17:00:00,230.56
2024-11-22 18:00:00,249.22
2024-11-22 19:00:00,222.88
2024-11-22 20:00:00,126.26
2024-11-22 21:00:00,126.29
2024-11-22 22:00:00,125.95
2024-11-22 23:00:00,125.85
2024-11-23 00:00:00,125.9
2024-11-23 01:00:00,123.65
2024-11-23 02:00:00,95.81
2024-11-23 03:00:00,87.28
2024-11-23 04:00:00,85.58
2024-11-23 05:00:00,85.65
2024-11-23 06:00:00,100.96
2024-11-23 07:00:00,123.45
2024-11-23 08:00:00,125.8
2024-11-23 09:00:00,125.92
2024-11-23 10:00:00,125.91
2024-11-23 11:00:00,125.92
2024-11-23 12:00:00,123.7
2024-11-23 13:00:00,123.71
2024-11-23 14:00:00,123.9
2024-11-23 15:00:00,123.82
2024-11-23 16:00:00,125.86
2024-11-23 17:00:00,126.08
2024-11-23 18:00:00,299.1
2024-11-23 19:00:00,229.67
2024-11-23 20:00:00,143.53
2024-11-23 21:00:00,142.24
2024-11-23 22:00:00,229.26
2024-11-23 23:00:00,126.05
2024-11-24 00:00:00,126.51
2024-11-24 01:00:00,125.9
2024-11-24 02:00:00,125.76
2024-11-24 03:00:00,123.73
2024-11-24 04:00:00,113.89
2024-11-24 05:00:00,123.72
2024-11-24 06:00:00,125.74
2024-11-24 07:00:00,125.74
2024-11-24 08:00:00,125.13
2024-11-24 09:00:00,123.76
2024-11-24 10:00:00,125.8
2024-11-24 11:00:00,125.52
2024-11-24 12:00:00,109.35
2024-11-24 13:00:00,123.65
2024-11-24 14:00:00,111.12
2024-11-24 15:00:00,125.58
2024-11-24 16:00:00,125.81
2024-11-24 17:00:00,125.8
2024-11-24 18:00:00,126.03
2024-11-24 19:00:00,126.17
2024-11-24 20:00:00,148.46
2024-11-24 21:00:00,143.04
2024-11-24 22:00:00,166.4
2024-11-24 23:00:00,125.98
2024-11-25 00:00:00,123.78
2024-11-25 01:00:00,117.44
2024-11-25 02:00:00,110.52
2024-11-25 03:00:00,102.46
2024-11-25 04:00:00,100.21
2024-11-25 05:00:00,100.25
2024-11-25 06:00:00,125.65
2024-11-25 07:00:00,126.05
2024-11-25 08:00:00,126.26
2024-11-25 09:00:00,126.14
2024-11-25 10:00:00,126.29
2024-11-25 11:00:00,126.19
2024-11-25 12:00:00,126.08
2024-11-25 13:00:00,125.97
2024-11-25 14:00:00,125.7
2024-11-25 15:00:00,137.98
2024-11-25 16:00:00,126.0
2024-11-25 17:00:00,126.02
2024-11-25 18:00:00,128.5
2024-11-25 19:00:00,141.89
2024-11-25 20:00:00,150.39
2024-11-25 21:00:00,128.22
2024-11-25 22:00:00,126.13
2024-11-25 23:00:00,125.95
2024-11-26 00:00:00,125.8
2024-11-26 01:00:00,123.73
2024-11-26 02:00:00,117.42
2024-11-26 03:00:00,115.18
2024-11-26 04:00:00,115.27
2024-11-26 05:00:00,123.49
2024-11-26 06:00:00,125.96
2024-11-26 07:00:00,141.65
2024-11-26 08:00:00,141.76
2024-11-26 09:00:00,126.21
2024-11-26 10:00:00,131.07
2024-11-26 11:00:00,126.17
2024-11-26 12:00:00,125.99
2024-11-26 13:00:00,214.04
2024-11-26 14:00:00,214.04
2024-11-26 15:00:00,126.07
2024-11-26 16:00:00,126.27
2024-11-26 17:00:00,128.59
2024-11-26 18:00:00,126.28
2024-11-26 19:00:00,126.25
2024-11-26 20:00:00,126.26
2024-11-26 21:00:00,126.12
2024-11-26 22:00:00,125.94
2024-11-26 23:00:00,125.89
2024-11-27 00:00:00,123.7
2024-11-27 01:00:00,101.27
2024-11-27 02:00:00,95.77
2024-11-27 03:00:00,85.88
2024-11-27 04:00:00,85.88
2024-11-27 05:00:00,105.86
2024-11-27 06:00:00,125.74
2024-11-27 07:00:00,126.05
2024-11-27 08:00:00,132.65
2024-11-27 09:00:00,141.83
2024-11-27 10:00:00,126.29
2024-11-27 11:00:00,126.15
2024-11-27 12:00:00,123.87
2024-11-27 13:00:00,126.03
2024-11-27 14:00:00,125.98
2024-11-27 15:00:00,126.25
2024-11-27 16:00:00,126.14
2024-11-27 17:00:00,126.16
2024-11-27 18:00:00,126.09
2024-11-27 19:00:00,126.17
2024-11-27 20:00:00,126.11
2024-11-27 21:00:00,125.96
2024-11-27 22:00:00,125.72
2024-11-27 23:00:00,125.87
2024-11-28 00:00:00,115.38
2024-11-28 01:00:00,95.4
2024-11-28 02:00:00,85.68
2024-11-28 03:00:00,80.61
2024-11-28 04:00:00,81.61
2024-11-28 05:00:00,97.22
2024-11-28 06:00:00,123.88
2024-11-28 07:00:00,125.71
2024-11-28 08:00:00,125.79
2024-11-28 09:00:00,125.8
2024-11-28 10:00:00,125.57
2024-11-28 11:00:00,125.57
2024-11-28 12:00:00,125.35
2024-11-28 13:00:00,125.5
2024-11-28 14:00:00,125.59
2024-11-28 15:00:00,125.48
2024-11-28 16:00:00,125.82
2024-11-28 17:00:00,125.66
2024-11-28 18:00:00,125.8
2024-11-28 19:00:00,125.81
2024-11-28 20:00:00,125.77
2024-11-28 21:00:00,125.6
2024-11-28 22:00:00,125.56
2024-11-28 23:00:00,123.99
2024-11-29 00:00:00,115.2
2024-11-29 01:00:00,113.01
2024-11-29 02:00:00,103.14
2024-11-29 03:00:00,100.08
2024-11-29 04:00:00,117.37
2024-11-29 05:00:00,100.59
2024-11-29 06:00:00,118.4
2024-11-29 07:00:00,119.11
2024-11-29 08:00:00,123.9
2024-11-29 09:00:00,229.5
2024-11-29 10:00:00,146.61
2024-11-29 11:00:00,125.95
2024-11-29 12:00:00,119.18
2024-11-29 13:00:00,118.75
2024-11-29 14:00:00,119.19
2024-11-29 15:00:00,118.67
2024-11-29 16:00:00,99.82
2024-11-29 17:00:00,111.62
2024-11-29 18:00:00,121.68
2024-11-29 19:00:00,123.96
2024-11-29 20:00:00,121.51
2024-11-29 21:00:00,119.1
2024-11-29 22:00:00,118.84
2024-11-29 23:00:00,118.59
2024-11-30 00:00:00,100.3
2024-11-30 01:00:00,76.37
2024-11-30 02:00:00,84.4
2024-11-30 03:00:00,79.93
2024-11-30 04:00:00,79.92
2024-11-30 05:00:00,80.41
2024-11-30 06:00:00,92.89
2024-11-30 07:00:00,102.65
2024-11-30 08:00:00,123.44
2024-11-30 09:00:00,123.59
2024-11-30 10:00:00,123.63
2024-11-30 11:00:00,111.05
2024-11-30 12:00:00,87.28
2024-11-30 13:00:00,90.46
2024-11-30 14:00:00,88.72
2024-11-30 15:00:00,90.47
2024-11-30 16:00:00,110.15
2024-11-30 17:00:00,123.65
2024-11-30 18:00:00,123.96
2024-11-30 19:00:00,125.46
2024-11-30 20:00:00,128.45
2024-11-30 21:00:00,124.54
2024-11-30 22:00:00,124.17
2024-11-30 23:00:00,128.48
2024-12-01 00:00:00,125.97
2024-12-01 01:00:00,124.24
2024-12-01 02:00:00,123.49
2024-12-01 03:00:00,120.32
2024-12-01 04:00:00,113.06
2024-12-01 05:00:00,113.59
2024-12-01 06:00:00,123.52
2024-12-01 07:00:00,123.75
2024-12-01 08:00:00,123.77
2024-12-01 09:00:00,123.57
2024-12-01 10:00:00,112.65
2024-12-01 11:00:00,110.63
2024-12-01 12:00:00,90.65
2024-12-01 13:00:00,85.86
2024-12-01 14:00:00,88.72
2024-12-01 15:00:00,86.3
2024-12-01 16:00:00,112.14
2024-12-01 17:00:00,120.66
2024-12-01 18:00:00,126.12
2024-12-01 19:00:00,229.62
2024-12-01 20:00:00,249.46
2024-12-01 21:00:00,229.65
2024-12-01 22:00:00,132.25
2024-12-01 23:00:00,124.24
2024-12-02 00:00:00,119.79
2024-12-02 01:00:00,95.23
2024-12-02 02:00:00,100.57
2024-12-02 03:00:00,95.21
2024-12-02 04:00:00,87.46
2024-12-02 05:00:00,100.01
2024-12-02 06:00:00,123.48
2024-12-02 07:00:00,124.31
2024-12-02 08:00:00,125.84
2024-12-02 09:00:00,124.67
2024-12-02 10:00:00,124.43
2024-12-02 11:00:00,124.31
2024-12-02 12:00:00,123.61
2024-12-02 13:00:00,124.3
2024-12-02 14:00:00,124.28
2024-12-02 15:00:00,123.91
2024-12-02 16:00:00,123.93
2024-12-02 17:00:00,125.92
2024-12-02 18:00:00,4468.86
2024-12-02 19:00:00,316.03
2024-12-02 20:00:00,193.1
2024-12-02 21:00:00,126.11
2024-12-02 22:00:00,124.67
2024-12-02 23:00:00,123.48
2024-12-03 00:00:00,124.21
2024-12-03 01:00:00,123.46
2024-12-03 02:00:00,119.67
2024-12-03 03:00:00,115.45
2024-12-03 04:00:00,110.58
2024-12-03 05:00:00,119.69
2024-12-03 06:00:00,124.36
2024-12-03 07:00:00,124.58
2024-12-03 08:00:00,134.67
2024-12-03 09:00:00,125.87
2024-12-03 10:00:00,125.87
2024-12-03 11:00:00,124.69
2024-12-03 12:00:00,124.53
2024-12-03 13:00:00,113.86
2024-12-03 14:00:00,124.5
2024-12-03 15:00:00,124.59
2024-12-03 16:00:00,126.01
2024-12-03 17:00:00,220.27
2024-12-03 18:00:00,255.2
2024-12-03 19:00:00,294.66
2024-12-03 20:00:00,237.71
2024-12-03 21:00:00,136.03
2024-12-03 22:00:00,124.48
2024-12-03 23:00:00,124.42
2024-12-04 00:00:00,114.51
2024-12-04 01:00:00,114.39
2024-12-04 02:00:00,114.27
2024-12-04 03:00:00,114.15
2024-12-04 04:00:00,111.09
2024-12-04 05:00:00,114.35
2024-12-04 06:00:00,114.47
2024-12-04 07:00:00,125.82
2024-12-04 08:00:00,229.56
2024-12-04 09:00:00,227.7
2024-12-04 10:00:00,125.96
2024-12-04 11:00:00,125.9
2024-12-04 12:00:00,114.6
2024-12-04 13:00:00,114.59
2024-12-04 14:00:00,114.6
2024-12-04 15:00:00,108.75
2024-12-04 16:00:00,114.67
2024-12-04 17:00:00,114.65
2024-12-04 18:00:00,119.8
2024-12-04 19:00:00,255.26
2024-12-04 20:00:00,167.92
2024-12-04 21:00:00,126.26
2024-12-04 22:00:00,162.43
2024-12-04 23:00:00,125.99
2024-12-05 00:00:00,125.97
2024-12-05 01:00:00,114.49
2024-12-05 02:00:00,114.37
2024-12-05 03:00:00,114.29
2024-12-05 04:00:00,114.29
2024-12-05 05:00:00,114.43
2024-12-05 06:00:00,115.54
2024-12-05 07:00:00,141.31
2024-12-05 08:00:00,199.74
2024-12-05 09:00:00,162.87
2024-12-05 10:00:00,157.89
2024-12-05 11:00:00,124.69
2024-12-05 12:00:00,107.92
2024-12-05 13:00:00,114.4
2024-12-05 14:00:00,101.08
2024-12-05 15:00:00,114.53
2024-12-05 16:00:00,114.65
2024-12-05 17:00:00,126.04
2024-12-05 18:00:00,126.27
2024-12-05 19:00:00,229.81
2024-12-05 20:00:00,150.22
2024-12-05 21:00:00,143.94
2024-12-05 22:00:00,125.65
2024-12-05 23:00:00,123.99
2024-12-06 00:00:00,115.69
2024-12-06 01:00:00,114.58
2024-12-06 02:00:00,114.47
2024-12-06 03:00:00,114.43
2024-12-06 04:00:00,114.4
2024-12-06 05:00:00,114.57
2024-12-06 06:00:00,119.68
2024-12-06 07:00:00,135.48
2024-12-06 08:00:00,229.72
2024-12-06 09:00:00,173.34
2024-12-06 10:00:00,125.96
2024-12-06 11:00:00,114.58
2024-12-06 12:00:00,114.56
2024-12-06 13:00:00,114.71
2024-12-06 14:00:00,114.68
2024-12-06 15:00:00,119.85
2024-12-06 16:00:00,125.49
2024-12-06 17:00:00,229.74
2024-12-06 18:00:00,231.29
2024-12-06 19:00:00,181.75
2024-12-06 20:00:00,255.46
2024-12-06 21:00:00,255.48
2024-12-06 22:00:00,148.79
2024-12-06 23:00:00,125.96
2024-12-07 00:00:00,125.85
2024-12-07 01:00:00,116.5
2024-12-07 02:00:00,114.7
2024-12-07 03:00:00,114.58
2024-12-07 04:00:00,114.51
2024-12-07 05:00:00,114.53
2024-12-07 06:00:00,114.43
2024-12-07 07:00:00,114.56
2024-12-07 08:00:00,125.82
2024-12-07 09:00:00,122.33
2024-12-07 10:00:00,114.51
2024-12-07 11:00:00,114.51
2024-12-07 12:00:00,101.02
2024-12-07 13:00:00,101.02
2024-12-07 14:00:00,101.09
2024-12-07 15:00:00,100.97
2024-12-07 16:00:00,100.97
2024-12-07 17:00:00,110.21
2024-12-07 18:00:00,254.22
2024-12-07 19:00:00,286.12
2024-12-07 20:00:00,315.91
2024-12-07 21:00:00,235.72
2024-12-07 22:00:00,221.64
2024-12-07 23:00:00,125.91
2024-12-08 00:00:00,125.51
2024-12-08 01:00:00,125.62
2024-12-08 02:00:00,114.61
2024-12-08 03:00:00,114.43
2024-12-08 04:00:00,114.28
2024-12-08 05:00:00,114.17
2024-12-08 06:00:00,114.2
2024-12-08 07:00:00,114.36
2024-12-08 08:00:00,110.21
2024-12-08 09:00:00,100.99
2024-12-08 10:00:00,100.85
2024-12-08 11:00:00,89.02
2024-12-08 12:00:00,83.77
2024-12-08 13:00:00,94.2
2024-12-08 14:00:00,99.43
2024-12-08 15:00:00,100.9
2024-12-08 16:00:00,114.34
2024-12-08 17:00:00,122.47
2024-12-08 18:00:00,125.85
2024-12-08 19:00:00,130.71
2024-12-08 20:00:00,139.34
2024-12-08 21:00:00,126.06
2024-12-08 22:00:00,121.01
2024-12-08 23:00:00,114.54
2024-12-09 00:00:00,125.87
2024-12-09 01:00:00,114.53
2024-12-09 02:00:00,109.83
2024-12-09 03:00:00,89.68
2024-12-09 04:00:00,89.68
2024-12-09 05:00:00,98.37
2024-12-09 06:00:00,109.26
2024-12-09 07:00:00,114.46
2024-12-09 08:00:00,125.84
2024-12-09 09:00:00,229.44
2024-12-09 10:00:00,229.48
2024-12-09 11:00:00,125.87
2024-12-09 12:00:00,105.52
2024-12-09 13:00:00,100.99
2024-12-09 14:00:00,101.03
2024-12-09 15:00:00,111.03
2024-12-09 16:00:00,116.95
2024-12-09 17:00:00,126.0
2024-12-09 18:00:00,126.11
2024-12-09 19:00:00,126.03
2024-12-09 20:00:00,125.94
2024-12-09 21:00:00,119.81
2024-12-09 22:00:00,114.41
2024-12-09 23:00:00,114.14
2024-12-10 00:00:00,110.92
2024-12-10 01:00:00,92.62
2024-12-10 02:00:00,95.06
2024-12-10 03:00:00,89.57
2024-12-10 04:00:00,86.67
2024-12-10 05:00:00,92.22
2024-12-10 06:00:00,113.27
2024-12-10 07:00:00,114.23
2024-12-10 08:00:00,117.95
2024-12-10 09:00:00,115.57
2024-12-10 10:00:00,115.14
2024-12-10 11:00:00,114.41
2024-12-10 12:00:00,100.97
2024-12-10 13:00:00,114.53
2024-12-10 14:00:00,98.27
2024-12-10 15:00:00,100.87
2024-12-10 16:00:00,101.02
2024-12-10 17:00:00,114.63
2024-12-10 18:00:00,120.53
2024-12-10 19:00:00,126.0
2024-12-10 20:00:00,120.34
2024-12-10 21:00:00,125.91
2024-12-10 22:00:00,119.79
2024-12-10 23:00:00,114.48
2024-12-11 00:00:00,114.16
2024-12-11 01:00:00,104.01
2024-12-11 02:00:00,91.71
2024-12-11 03:00:00,84.27
2024-12-11 04:00:00,83.06
2024-12-11 05:00:00,91.73
2024-12-11 06:00:00,114.18
2024-12-11 07:00:00,114.44
2024-12-11 08:00:00,119.68
2024-12-11 09:00:00,114.54
2024-12-11 10:00:00,114.37
2024-12-11 11:00:00,110.52
2024-12-11 12:00:00,96.76
2024-12-11 13:00:00,91.61
2024-12-11 14:00:00,100.89
2024-12-11 15:00:00,101.1
2024-12-11 16:00:00,115.0
2024-12-11 17:00:00,125.9
2024-12-11 18:00:00,216.56
2024-12-11 19:00:00,229.47
2024-12-11 20:00:00,229.52
2024-12-11 21:00:00,171.06
2024-12-11 22:00:00,125.95
2024-12-11 23:00:00,114.58
2024-12-12 00:00:00,119.81
2024-12-12 01:00:00,117.65
2024-12-12 02:00:00,114.52
2024-12-12 03:00:00,114.21
2024-12-12 04:00:00,114.21
2024-12-12 05:00:00,114.51
2024-12-12 06:00:00,120.91
2024-12-12 07:00:00,123.36
2024-12-12 08:00:00,123.9
2024-12-12 09:00:00,121.9
2024-12-12 10:00:00,117.11
2024-12-12 11:00:00,114.62
2024-12-12 12:00:00,110.51
2024-12-12 13:00:00,114.5
2024-12-12 14:00:00,114.63
2024-12-12 15:00:00,119.74
2024-12-12 16:00:00,123.11
2024-12-12 17:00:00,123.92
2024-12-12 18:00:00,123.55
2024-12-12 19:00:00,124.17
2024-12-12 20:00:00,124.06
2024-12-12 21:00:00,123.11
2024-12-12 22:00:00,121.89
2024-12-12 23:00:00,114.6
2024-12-13 00:00:00,114.42
2024-12-13 01:00:00,112.82
2024-12-13 02:00:00,110.56
2024-12-13 03:00:00,110.27
2024-12-13 04:00:00,100.7
2024-12-13 05:00:00,110.26
2024-12-13 06:00:00,114.38
2024-12-13 07:00:00,120.34
2024-12-13 08:00:00,121.74
2024-12-13 09:00:00,120.87
2024-12-13 10:00:00,119.64
2024-12-13 11:00:00,119.64
2024-12-13 12:00:00,114.61
2024-12-13 13:00:00,114.62
2024-12-13 14:00:00,114.28
2024-12-13 15:00:00,114.14
2024-12-13 16:00:00,125.72
2024-12-13 17:00:00,123.22
2024-12-13 18:00:00,125.72
2024-12-13 19:00:00,125.85
2024-12-13 20:00:00,125.73
2024-12-13 21:00:00,120.08
2024-12-13 22:00:00,109.84
2024-12-13 23:00:00,88.46
2024-12-14 00:00:00,90.75
2024-12-14 01:00:00,104.04
2024-12-14 02:00:00,91.09
2024-12-14 03:00:00,85.09
2024-12-14 04:00:00,84.55
2024-12-14 05:00:00,87.26
2024-12-14 06:00:00,104.04
2024-12-14 07:00:00,114.28
2024-12-14 08:00:00,114.49
2024-12-14 09:00:00,109.07
2024-12-14 10:00:00,101.03
2024-12-14 11:00:00,100.89
2024-12-14 12:00:00,84.52
2024-12-14 13:00:00,86.55
2024-12-14 14:00:00,83.12
2024-12-14 15:00:00,80.29
2024-12-14 16:00:00,86.54
2024-12-14 17:00:00,105.19
2024-12-14 18:00:00,115.56
2024-12-14 19:00:00,122.82
2024-12-14 20:00:00,125.84
2024-12-14 21:00:00,122.95
2024-12-14 22:00:00,115.71
2024-12-14 23:00:00,115.07
2024-12-15 00:00:00,114.29
2024-12-15 01:00:00,114.18
2024-12-15 02:00:00,105.68
2024-12-15 03:00:00,98.64
2024-12-15 04:00:00,98.27
2024-12-15 05:00:00,98.87
2024-12-15 06:00:00,107.69
2024-12-15 07:00:00,114.14
2024-12-15 08:00:00,107.69
2024-12-15 09:00:00,107.65
2024-12-15 10:00:00,100.98
2024-12-15 11:00:00,108.78
2024-12-15 12:00:00,100.96
2024-12-15 13:00:00,81.1
2024-12-15 14:00:00,88.98
2024-12-15 15:00:00,91.05
2024-12-15 16:00:00,100.9
2024-12-15 17:00:00,100.9
2024-12-15 18:00:00,115.74
2024-12-15 19:00:00,126.19
2024-12-15 20:00:00,130.99
2024-12-15 21:00:00,126.1
2024-12-15 22:00:00,115.63
2024-12-15 23:00:00,114.4
2024-12-16 00:00:00,115.99
2024-12-16 01:00:00,111.58
2024-12-16 02:00:00,106.72
2024-12-16 03:00:00,94.76
2024-12-16 04:00:00,99.79
2024-12-16 05:00:00,109.59
2024-12-16 06:00:00,115.69
2024-12-16 07:00:00,120.8
2024-12-16 08:00:00,124.16
2024-12-16 09:00:00,121.32
2024-12-16 10:00:00,115.81
2024-12-16 11:00:00,111.65
2024-12-16 12:00:00,114.5
2024-12-16 13:00:00,114.82
2024-12-16 14:00:00,115.19
2024-12-16 15:00:00,4466.71
2024-12-16 16:00:00,4466.9
2024-12-16 17:00:00,249.96
2024-12-16 18:00:00,249.63
2024-12-16 19:00:00,249.03
2024-12-16 20:00:00,216.05
2024-12-16 21:00:00,125.87
2024-12-16 22:00:00,120.84
2024-12-16 23:00:00,115.71
2024-12-17 00:00:00,114.22
2024-12-17 01:00:00,111.48
2024-12-17 02:00:00,102.57
2024-12-17 03:00:00,88.65
2024-12-17 04:00:00,88.56
2024-12-17 05:00:00,89.19
2024-12-17 06:00:00,110.52
2024-12-17 07:00:00,114.39
2024-12-17 08:00:00,125.67
2024-12-17 09:00:00,125.81
2024-12-17 10:00:00,114.28
2024-12-17 11:00:00,110.19
2024-12-17 12:00:00,113.47
2024-12-17 13:00:00,95.09
2024-12-17 14:00:00,110.5
2024-12-17 15:00:00,125.71
2024-12-17 16:00:00,120.15
2024-12-17 17:00:00,120.68
2024-12-17 18:00:00,161.21
2024-12-17 19:00:00,229.35
2024-12-17 20:00:00,216.51
2024-12-17 21:00:00,125.97
2024-12-17 22:00:00,114.21
2024-12-17 23:00:00,113.19
2024-12-18 00:00:00,106.57
2024-12-18 01:00:00,89.62
2024-12-18 02:00:00,88.67
2024-12-18 03:00:00,83.11
2024-12-18 04:00:00,84.55
2024-12-18 05:00:00,88.65
2024-12-18 06:00:00,111.22
2024-12-18 07:00:00,120.13
2024-12-18 08:00:00,125.68
2024-12-18 09:00:00,125.72
2024-12-18 10:00:00,114.12
2024-12-18 11:00:00,125.83
2024-12-18 12:00:00,118.32
2024-12-18 13:00:00,113.79
2024-12-18 14:00:00,110.72
2024-12-18 15:00:00,114.12
2024-12-18 16:00:00,120.21
2024-12-18 17:00:00,125.72
2024-12-18 18:00:00,114.13
2024-12-18 19:00:00,123.24
2024-12-18 20:00:00,120.55
2024-12-18 21:00:00,113.99
2024-12-18 22:00:00,110.78
2024-12-18 23:00:00,100.79
2024-12-19 00:00:00,89.03
2024-12-19 01:00:00,83.96
2024-12-19 02:00:00,80.44
2024-12-19 03:00:00,80.34
2024-12-19 04:00:00,80.32
2024-12-19 05:00:00,83.84
2024-12-19 06:00:00,110.08
2024-12-19 07:00:00,113.72
2024-12-19 08:00:00,115.83
2024-12-19 09:00:00,114.46
2024-12-19 10:00:00,113.69
2024-12-19 11:00:00,113.69
2024-12-19 12:00:00,106.14
2024-12-19 13:00:00,103.67
2024-12-19 14:00:00,96.47
2024-12-19 15:00:00,86.31
2024-12-19 16:00:00,94.52
2024-12-19 17:00:00,113.81
2024-12-19 18:00:00,114.12
2024-12-19 19:00:00,120.93
2024-12-19 20:00:00,120.25
2024-12-19 21:00:00,115.9
2024-12-19 22:00:00,113.87
2024-12-19 23:00:00,101.04
2024-12-20 00:00:00,106.42
2024-12-20 01:00:00,95.78
2024-12-20 02:00:00,113.99
2024-12-20 03:00:00,113.51
2024-12-20 04:00:00,84.65
2024-12-20 05:00:00,85.3
2024-12-20 06:00:00,110.4
2024-12-20 07:00:00,113.61
2024-12-20 08:00:00,120.55
2024-12-20 09:00:00,118.44
2024-12-20 10:00:00,113.81
2024-12-20 11:00:00,113.8
2024-12-20 12:00:00,110.77
2024-12-20 13:00:00,113.56
2024-12-20 14:00:00,113.96
2024-12-20 15:00:00,110.47
2024-12-20 16:00:00,113.81
2024-12-20 17:00:00,113.56
2024-12-20 18:00:00,125.71
2024-12-20 19:00:00,120.22
2024-12-20 20:00:00,114.89
2024-12-20 21:00:00,113.8
2024-12-20 22:00:00,105.35
2024-12-20 23:00:00,91.97
2024-12-21 00:00:00,80.1
2024-12-21 01:00:00,79.9
2024-12-21 02:00:00,79.92
2024-12-21 03:00:00,74.9
2024-12-21 04:00:00,74.89
2024-12-21 05:00:00,79.88
2024-12-21 06:00:00,84.48
2024-12-21 07:00:00,89.4
2024-12-21 08:00:00,110.04
2024-12-21 09:00:00,97.68
2024-12-21 10:00:00,85.01
2024-12-21 11:00:00,80.55
2024-12-21 12:00:00,78.46
2024-12-21 13:00:00,83.35
2024-12-21 14:00:00,84.92
2024-12-21 15:00:00,113.92
2024-12-21 16:00:00,156.88
2024-12-21 17:00:00,125.91
2024-12-21 18:00:00,120.18
2024-12-21 19:00:00,120.77
2024-12-21 20:00:00,120.19
2024-12-21 21:00:00,116.65
2024-12-21 22:00:00,113.67
2024-12-21 23:00:00,110.44
2024-12-22 00:00:00,92.11
2024-12-22 01:00:00,102.5
2024-12-22 02:00:00,94.33
2024-12-22 03:00:00,84.46
2024-12-22 04:00:00,77.47
2024-12-22 05:00:00,74.88
2024-12-22 06:00:00,100.03
2024-12-22 07:00:00,84.55
2024-12-22 08:00:00,87.4
2024-12-22 09:00:00,83.54
2024-12-22 10:00:00,86.72
2024-12-22 11:00:00,79.98
2024-12-22 12:00:00,73.29
2024-12-22 13:00:00,74.41
2024-12-22 14:00:00,76.34
2024-12-22 15:00:00,84.47
2024-12-22 16:00:00,80.49
2024-12-22 17:00:00,113.72
2024-12-22 18:00:00,125.91
2024-12-22 19:00:00,125.94
2024-12-22 20:00:00,125.95
2024-12-22 21:00:00,125.95
2024-12-22 22:00:00,122.03
2024-12-22 23:00:00,113.72
2024-12-23 00:00:00,81.58
2024-12-23 01:00:00,83.22
2024-12-23 02:00:00,80.02
2024-12-23 03:00:00,74.95
2024-12-23 04:00:00,72.79
2024-12-23 05:00:00,79.48
2024-12-23 06:00:00,99.41
2024-12-23 07:00:00,110.85
2024-12-23 08:00:00,114.87
2024-12-23 09:00:00,114.16
2024-12-23 10:00:00,113.74
2024-12-23 11:00:00,111.36
2024-12-23 12:00:00,86.55
2024-12-23 13:00:00,94.37
2024-12-23 14:00:00,114.08
2024-12-23 15:00:00,113.83
2024-12-23 16:00:00,125.81
2024-12-23 17:00:00,116.23
2024-12-23 18:00:00,120.81
2024-12-23 19:00:00,118.1
2024-12-23 20:00:00,113.83
2024-12-23 21:00:00,113.49
2024-12-23 22:00:00,91.51
2024-12-23 23:00:00,80.03
2024-12-24 00:00:00,88.69
2024-12-24 01:00:00,109.13
2024-12-24 02:00:00,100.39
2024-12-24 03:00:00,94.67
2024-12-24 04:00:00,89.1
2024-12-24 05:00:00,94.68
2024-12-24 06:00:00,100.56
2024-12-24 07:00:00,85.5
2024-12-24 08:00:00,113.59
2024-12-24 09:00:00,114.03
2024-12-24 10:00:00,113.97
2024-12-24 11:00:00,113.67
2024-12-24 12:00:00,100.19
2024-12-24 13:00:00,105.58
2024-12-24 14:00:00,91.57
2024-12-24 15:00:00,110.82
2024-12-24 16:00:00,100.71
2024-12-24 17:00:00,110.49
2024-12-24 18:00:00,120.83
2024-12-24 19:00:00,125.88
2024-12-24 20:00:00,125.83
2024-12-24 21:00:00,114.14
2024-12-24 22:00:00,113.67
2024-12-24 23:00:00,110.56
2024-12-25 00:00:00,100.96
2024-12-25 01:00:00,84.51
2024-12-25 02:00:00,89.04
2024-12-25 03:00:00,78.23
2024-12-25 04:00:00,74.93
2024-12-25 05:00:00,79.78
2024-12-25 06:00:00,97.96
2024-12-25 07:00:00,81.53
2024-12-25 08:00:00,101.7
2024-12-25 09:00:00,82.11
2024-12-25 10:00:00,75.02
2024-12-25 11:00:00,70.14
2024-12-25 12:00:00,74.22
2024-12-25 13:00:00,74.54
2024-12-25 14:00:00,74.23
2024-12-25 15:00:00,110.12
2024-12-25 16:00:00,120.57
2024-12-25 17:00:00,118.38
2024-12-25 18:00:00,120.33
2024-12-25 19:00:00,125.93
2024-12-25 20:00:00,124.51
2024-12-25 21:00:00,120.66
2024-12-25 22:00:00,113.85
2024-12-25 23:00:00,99.64
2024-12-26 00:00:00,81.6
2024-12-26 01:00:00,94.01
2024-12-26 02:00:00,80.08
2024-12-26 03:00:00,77.33
2024-12-26 04:00:00,77.36
2024-12-26 05:00:00,80.48
2024-12-26 06:00:00,110.37
2024-12-26 07:00:00,110.61
2024-12-26 08:00:00,114.09
2024-12-26 09:00:00,114.01
2024-12-26 10:00:00,113.83
2024-12-26 11:00:00,100.75
2024-12-26 12:00:00,113.56
2024-12-26 13:00:00,110.52
2024-12-26 14:00:00,98.65
2024-12-26 15:00:00,84.95
2024-12-26 16:00:00,113.68
2024-12-26 17:00:00,113.81
2024-12-26 18:00:00,113.52
2024-12-26 19:00:00,113.83
2024-12-26 20:00:00,113.68
2024-12-26 21:00:00,110.73
2024-12-26 22:00:00,100.89
2024-12-26 23:00:00,88.62
2024-12-27 00:00:00,81.04
2024-12-27 01:00:00,79.83
2024-12-27 02:00:00,84.43
2024-12-27 03:00:00,82.34
2024-12-27 04:00:00,82.34
2024-12-27 05:00:00,80.96
2024-12-27 06:00:00,101.71
2024-12-27 07:00:00,101.97
2024-12-27 08:00:00,110.27
2024-12-27 09:00:00,102.31
2024-12-27 10:00:00,102.0
2024-12-27 11:00:00,95.94
2024-12-27 12:00:00,84.58
2024-12-27 13:00:00,87.97
2024-12-27 14:00:00,88.41
2024-12-27 15:00:00,229.63
2024-12-27 16:00:00,300.18
2024-12-27 17:00:00,126.01
2024-12-27 18:00:00,125.82
2024-12-27 19:00:00,125.88
2024-12-27 20:00:00,102.01
2024-12-27 21:00:00,101.8
2024-12-27 22:00:00,102.01
2024-12-27 23:00:00,96.74
2024-12-28 00:00:00,96.9
2024-12-28 01:00:00,81.01
2024-12-28 02:00:00,74.87
2024-12-28 03:00:00,75.37
2024-12-28 04:00:00,75.19
2024-12-28 05:00:00,75.38
2024-12-28 06:00:00,81.17
2024-12-28 07:00:00,90.58
2024-12-28 08:00:00,100.78
2024-12-28 09:00:00,101.79
2024-12-28 10:00:00,81.11
2024-12-28 11:00:00,75.47
2024-12-28 12:00:00,73.23
2024-12-28 13:00:00,73.95
2024-12-28 14:00:00,70.47
2024-12-28 15:00:00,72.69
2024-12-28 16:00:00,75.47
2024-12-28 17:00:00,90.34
2024-12-28 18:00:00,99.63
2024-12-28 19:00:00,102.01
2024-12-28 20:00:00,102.02
2024-12-28 21:00:00,101.9
2024-12-28 22:00:00,90.38
2024-12-28 23:00:00,86.45
2024-12-29 00:00:00,99.42
2024-12-29 01:00:00,102.02
2024-12-29 02:00:00,96.61
2024-12-29 03:00:00,83.75
2024-12-29 04:00:00,83.11
2024-12-29 05:00:00,84.66
2024-12-29 06:00:00,98.79
2024-12-29 07:00:00,92.36
2024-12-29 08:00:00,100.61
2024-12-29 09:00:00,90.5
2024-12-29 10:00:00,79.76
2024-12-29 11:00:00,75.01
2024-12-29 12:00:00,71.73
2024-12-29 13:00:00,75.02
2024-12-29 14:00:00,75.02
2024-12-29 15:00:00,102.45
2024-12-29 16:00:00,110.81
2024-12-29 17:00:00,119.62
2024-12-29 18:00:00,126.01
2024-12-29 19:00:00,131.7
2024-12-29 20:00:00,126.52
2024-12-29 21:00:00,134.39
2024-12-29 22:00:00,118.17
2024-12-29 23:00:00,110.55
2024-12-30 00:00:00,87.26
2024-12-30 01:00:00,86.98
2024-12-30 02:00:00,80.95
2024-12-30 03:00:00,75.0
2024-12-30 04:00:00,75.2
2024-12-30 05:00:00,81.53
2024-12-30 06:00:00,91.73
2024-12-30 07:00:00,102.0
2024-12-30 08:00:00,126.06
2024-12-30 09:00:00,185.62
2024-12-30 10:00:00,126.04
2024-12-30 11:00:00,214.39
2024-12-30 12:00:00,88.65
2024-12-30 13:00:00,86.55
2024-12-30 14:00:00,81.43
2024-12-30 15:00:00,82.52
2024-12-30 16:00:00,87.27
2024-12-30 17:00:00,102.01
2024-12-30 18:00:00,102.02
2024-12-30 19:00:00,102.01
2024-12-30 20:00:00,101.91
2024-12-30 21:00:00,100.47
2024-12-30 22:00:00,91.61
2024-12-30 23:00:00,101.56
2024-12-31 00:00:00,84.51
2024-12-31 01:00:00,81.4
2024-12-31 02:00:00,81.04
2024-12-31 03:00:00,80.98
2024-12-31 04:00:00,79.84
2024-12-31 05:00:00,85.53
2024-12-31 06:00:00,99.74
2024-12-31 07:00:00,101.99
2024-12-31 08:00:00,125.89
2024-12-31 09:00:00,102.12
2024-12-31 10:00:00,101.82
2024-12-31 11:00:00,90.15
2024-12-31 12:00:00,77.83
2024-12-31 13:00:00,79.8
2024-12-31 14:00:00,99.16
2024-12-31 15:00:00,93.63
2024-12-31 16:00:00,102.12
2024-12-31 17:00:00,110.58
2024-12-31 18:00:00,102.02
2024-12-31 19:00:00,102.02
2024-12-31 20:00:00,101.89
2024-12-31 21:00:00,91.6
2024-12-31 22:00:00,101.94
2024-12-31 23:00:00,100.59
